1000 4938
747 327
305 232
315 319
669 204
678 989
491 517
844 634
757 636
194 398
460 422
678 704
634 607
799 891
780 676
582 856
622 213
692 274
71 252
971 50
592 984
920 274
565 12
594 65
902 851
896 480
816 75
297 478
263 192
909 771
667 252
219 469
861 10
934 320
420 155
440 132
811 290
774 212
872 893
887 751
121 303
425 382
31 126
747 516
537 938
555 976
591 397
617 580
935 323
460 5
467 999
256 773
192 964
180 971
949 195
73 202
860 418
932 791
662 882
992 37
738 537
599 795
541 331
121 214
998 528
983 889
91 417
970 874
473 721
19 422
221 115
719 244
408 400
634 284
283 493
941 686
990 394
931 988
291 125
954 423
688 311
626 514
133 168
209 111
908 943
29 327
801 729
753 886
930 498
120 669
91 79
550 897
478 302
21 189
413 980
645 915
537 807
316 450
907 180
339 931
727 90
88 353
163 899
642 187
136 827
572 243
205 653
702 891
485 912
728 945
177 157
885 347
968 970
31 446
684 451
171 213
545 64
655 143
980 778
476 900
884 979
979 134
150 187
631 843
119 950
544 280
634 835
48 418
121 876
415 827
569 187
273 345
807 266
440 460
936 397
461 831
796 486
816 935
489 427
691 712
263 931
583 373
452 70
697 164
272 937
603 420
239 382
747 613
122 776
471 206
481 708
280 420
282 927
717 262
82 326
488 455
625 528
183 557
130 588
560 299
688 496
348 187
929 718
123 181
335 960
270 633
577 664
75 310
690 132
994 776
192 586
56 391
719 531
232 561
947 714
750 745
824 127
134 1000
326 531
369 166
296 578
995 653
7 955
72 627
913 898
660 490
182 114
809 894
992 695
96 255
4 24
336 857
1 998
117 236
172 60
747 108
425 424
543 682
214 926
639 540
207 565
1 822
550 712
105 493
330 359
462 554
183 171
153 166
724 171
483 245
763 647
75 97
582 514
196 217
90 836
839 554
585 517
660 773
293 801
845 244
558 312
333 32
297 115
66 531
222 940
840 311
386 608
931 64
822 172
660 191
379 699
24 879
519 313
774 249
80 859
820 412
789 997
138 276
48 884
234 283
415 958
753 494
875 379
383 385
849 773
95 133
479 872
43 555
262 189
299 581
748 679
766 706
140 601
34 180
416 871
454 542
735 443
493 60
587 729
519 528
353 284
120 292
634 304
120 363
625 479
999 72
529 836
647 495
783 396
34 720
588 143
74 478
122 113
118 217
441 31
296 673
867 279
134 607
677 143
285 311
913 566
623 818
55 524
28 312
973 596
172 230
635 534
445 27
692 633
470 600
783 674
533 699
22 527
298 601
724 979
281 301
766 223
29 2
250 36
413 824
652 330
434 159
516 97
130 676
994 634
847 396
23 862
744 13
779 107
212 472
435 708
322 981
557 419
74 524
642 929
845 230
976 859
844 420
903 447
119 922
437 586
766 530
547 868
74 429
857 257
219 800
953 189
954 878
4 553
333 419
661 689
724 927
263 109
907 803
431 97
677 782
752 601
653 97
74 187
310 8
242 722
227 923
484 363
110 377
50 375
622 315
251 474
87 374
803 556
932 38
754 2
644 37
184 966
792 720
207 832
297 617
954 908
399 351
88 45
640 234
569 692
434 690
533 934
1 381
917 327
882 619
489 872
441 732
228 682
542 129
70 522
871 128
693 266
469 609
89 888
951 701
381 778
438 528
954 873
918 302
918 851
496 854
996 599
150 882
10 827
148 427
263 106
483 428
163 315
913 878
63 232
550 357
409 932
663 94
243 929
560 741
425 65
635 917
686 787
194 616
376 891
730 899
982 435
968 68
951 323
536 248
656 683
543 42
44 848
619 972
797 269
896 155
54 834
311 490
177 357
367 611
23 989
906 108
541 501
785 3
141 562
309 107
755 215
755 869
850 705
797 957
335 972
972 888
858 667
12 878
164 402
491 706
993 900
260 304
681 322
546 835
688 487
359 753
237 758
769 107
934 304
419 398
789 531
849 325
846 562
924 894
617 500
993 33
748 231
933 123
841 681
715 502
461 37
202 15
440 801
367 262
209 183
979 896
747 535
467 161
319 597
604 856
881 709
982 266
881 279
59 942
761 594
522 656
671 442
596 878
215 291
825 14
54 424
989 771
369 442
793 245
519 222
886 287
321 319
728 873
657 776
415 284
971 421
682 711
774 255
118 398
725 670
551 924
800 843
305 694
507 350
803 848
571 703
455 93
592 45
594 756
96 828
333 502
831 331
27 378
541 551
267 268
416 632
892 454
974 140
277 100
812 945
895 651
393 848
693 231
235 608
623 90
71 948
58 568
3 217
22 87
759 362
596 56
48 3
388 664
572 681
527 223
341 360
358 224
627 217
402 979
369 12
235 431
558 579
347 404
355 107
738 785
760 411
184 818
603 320
188 21
267 703
92 414
735 274
95 334
77 771
170 531
118 304
593 831
971 83
674 45
910 442
548 598
936 102
812 775
523 679
292 891
926 239
602 372
109 868
716 204
867 802
207 491
465 579
688 885
673 92
177 215
786 900
745 366
725 615
200 19
534 245
974 155
895 975
625 984
816 490
745 532
686 926
121 274
619 511
142 493
399 737
440 291
44 164
227 711
121 72
780 156
599 312
621 597
547 782
695 751
144 241
162 240
861 796
73 955
538 289
149 502
510 319
971 14
75 213
973 169
477 132
498 382
722 948
337 196
567 443
68 487
892 516
755 181
630 373
751 788
588 502
135 851
179 893
485 213
70 987
243 396
145 432
716 28
763 305
538 114
496 785
65 255
66 995
892 317
855 939
74 26
833 936
668 513
758 584
210 873
317 963
925 110
174 52
121 936
120 68
550 691
219 375
666 404
642 29
23 785
261 102
644 737
674 769
632 330
969 125
110 346
610 643
992 383
479 611
351 958
399 785
941 330
321 556
673 916
357 387
134 531
622 42
509 712
41 277
885 907
207 287
212 797
856 227
407 771
158 223
387 478
933 790
861 473
572 231
147 865
439 871
893 189
940 277
66 422
728 989
253 616
29 953
639 137
59 508
876 608
889 770
754 388
992 391
614 948
746 974
7 639
747 499
341 678
472 864
273 657
823 818
858 644
11 809
80 165
668 318
120 583
392 556
45 398
799 659
564 255
12 140
95 457
763 251
677 568
490 146
290 896
360 24
908 776
559 115
541 516
337 80
432 103
247 686
343 275
662 585
933 799
952 573
937 641
577 237
820 472
962 651
465 536
817 148
156 1000
233 93
988 987
805 699
790 619
564 873
351 77
7 358
604 873
730 634
799 326
158 602
379 27
841 84
507 629
680 641
697 549
807 390
413 835
147 580
846 374
242 305
428 262
975 636
742 276
232 733
49 57
885 369
471 719
866 298
845 533
193 217
811 848
3 943
685 236
814 319
942 368
466 345
709 683
176 457
875 191
969 995
465 682
164 16
311 378
631 480
830 549
800 670
341 429
571 171
225 719
126 354
183 368
661 208
277 320
680 878
1 782
541 500
834 382
428 710
892 99
282 252
546 531
770 482
950 583
679 586
479 606
361 216
41 366
446 422
673 482
138 559
766 385
822 802
434 35
77 136
399 706
826 704
572 251
258 843
316 918
831 154
248 836
838 654
69 245
415 962
783 585
933 769
424 303
79 940
817 498
130 857
861 792
747 776
401 654
568 539
623 576
738 285
990 278
783 403
404 10
5 52
649 766
464 346
661 99
428 368
691 480
784 590
840 443
908 463
839 232
956 711
735 476
789 921
293 132
594 190
947 133
118 955
360 709
728 720
378 355
547 843
667 126
215 628
399 134
383 13
441 116
441 559
5 929
526 727
66 689
454 115
509 487
931 198
19 765
322 587
903 934
482 9
685 570
542 904
82 529
856 313
305 984
801 819
14 463
180 683
642 505
678 86
540 424
806 425
813 256
188 696
483 680
907 394
699 553
406 255
748 347
966 294
169 614
473 920
58 355
455 807
829 75
688 59
831 971
74 479
498 102
152 286
438 565
41 378
369 744
834 764
743 282
798 532
324 161
455 665
71 878
415 312
751 76
795 8
592 379
683 385
721 86
902 344
153 820
99 157
707 667
140 457
982 320
965 493
515 98
455 245
681 270
105 404
263 700
16 758
153 165
153 280
137 656
947 677
486 99
640 944
381 322
880 986
972 365
170 502
647 520
579 283
666 881
785 956
1 154
202 112
332 294
5 472
914 366
563 189
781 615
599 480
303 167
747 878
280 854
948 741
199 459
916 578
435 897
293 93
139 651
996 522
284 926
925 648
892 16
177 332
821 28
87 701
199 344
998 879
441 173
315 17
282 676
82 329
361 149
410 752
603 220
89 312
933 963
254 987
837 414
75 874
315 985
182 220
93 152
996 723
477 305
724 802
7 742
581 103
357 466
840 319
839 281
288 966
164 535
569 395
495 722
683 879
738 911
540 858
440 295
122 716
670 902
12 309
89 555
965 806
933 738
202 458
798 238
831 624
228 923
465 63
193 210
529 163
292 886
16 122
755 609
453 534
58 848
989 943
575 10
45 897
67 601
559 195
35 608
562 146
865 782
475 915
862 797
989 398
23 3
141 289
724 380
528 116
261 273
141 575
398 232
432 876
292 480
183 132
232 777
847 173
371 156
62 181
392 332
263 571
965 338
324 110
642 151
516 279
185 411
994 899
888 191
830 190
831 52
816 723
543 53
964 30
965 936
70 196
471 126
74 382
476 107
829 563
386 159
668 778
154 310
541 426
337 705
975 159
748 549
642 408
591 345
250 78
417 166
23 802
328 839
809 703
572 909
592 398
714 166
369 571
278 223
669 400
850 294
82 791
660 93
654 362
378 827
144 714
245 777
250 70
682 525
129 923
905 21
630 432
278 761
445 44
659 864
716 284
623 944
905 143
720 231
527 55
774 371
408 926
498 694
830 859
840 929
530 600
804 580
988 899
735 401
577 938
428 340
478 223
685 989
56 566
672 446
653 244
506 934
896 588
895 874
30 32
806 691
294 765
44 736
100 879
118 602
672 978
710 894
396 365
895 310
400 32
149 888
58 497
540 330
439 780
648 262
832 35
558 450
296 11
674 112
749 23
189 362
1 428
916 994
994 917
811 41
558 711
888 657
743 761
67 959
709 500
640 894
359 191
969 516
613 65
143 100
254 868
826 422
954 595
774 292
612 427
428 270
730 319
372 503
687 773
357 101
838 925
975 491
966 961
95 745
678 255
827 531
40 191
156 262
919 564
547 832
276 422
410 86
235 575
670 851
179 788
626 458
883 744
384 854
133 391
974 383
322 923
833 172
205 33
191 115
212 287
817 971
68 654
516 564
492 166
219 752
648 977
551 286
681 926
774 792
336 820
23 780
552 109
54 173
62 882
822 769
196 704
639 124
434 128
969 64
695 229
990 576
863 169
350 500
297 136
275 701
317 213
212 576
820 420
927 475
658 294
135 433
235 507
91 30
610 623
253 450
847 878
976 397
632 298
72 208
150 616
85 175
982 407
982 600
452 691
666 888
966 843
272 414
37 327
882 859
657 232
349 843
33 985
813 113
46 239
335 202
657 442
966 455
952 853
438 478
955 224
700 597
685 514
407 255
138 967
638 468
216 539
215 168
288 786
716 979
643 309
93 122
574 778
791 256
79 679
485 105
523 53
413 171
765 802
229 535
105 198
1 725
881 320
426 711
88 325
907 63
780 230
557 229
67 501
471 943
22 587
44 169
475 898
639 157
507 602
109 280
146 239
822 344
206 614
91 24
521 458
710 503
341 197
335 899
713 882
847 936
735 501
58 691
75 450
860 5
49 331
434 489
267 284
567 886
324 344
571 716
110 312
798 255
992 172
207 68
479 909
392 882
345 398
466 370
763 831
328 928
158 210
768 765
237 843
461 134
746 758
829 306
945 480
984 329
952 771
766 93
215 201
568 633
605 446
309 223
838 741
23 795
907 149
841 402
998 709
603 893
359 163
109 418
219 59
402 962
563 89
844 760
649 451
790 680
686 493
174 859
545 581
175 134
341 191
680 828
954 941
258 206
149 978
999 244
44 264
428 111
728 40
934 669
965 144
490 938
291 727
109 196
982 438
935 601
888 170
974 557
629 803
77 550
78 396
942 986
890 331
800 650
947 896
91 758
726 456
775 910
520 430
519 398
850 995
797 744
69 940
563 525
307 987
45 325
384 592
185 940
574 324
120 577
135 843
63 318
193 894
880 938
309 628
806 146
183 656
148 931
441 420
369 135
791 412
996 658
150 346
135 525
339 453
233 202
817 970
470 310
180 316
953 910
788 646
185 943
171 607
794 972
825 410
321 354
710 18
966 424
225 601
736 948
932 677
371 836
572 87
169 950
743 142
208 988
903 100
754 607
890 197
104 712
46 559
31 226
483 739
151 595
740 583
838 90
118 87
941 781
599 810
728 764
657 554
649 6
743 353
290 897
89 617
898 535
477 972
244 422
816 948
194 655
817 461
875 185
235 723
164 896
326 243
751 620
537 592
882 886
149 85
761 178
376 400
546 459
357 365
837 915
360 56
990 293
800 734
614 497
631 525
851 468
889 521
573 17
396 340
715 43
230 852
590 51
883 39
663 957
888 410
134 53
688 604
46 492
617 777
193 787
711 368
698 935
678 268
882 798
619 514
645 936
353 223
724 442
429 663
999 271
840 364
306 239
804 370
343 257
572 246
829 939
494 539
667 359
940 959
540 340
688 373
483 371
548 192
465 653
19 924
34 859
478 868
424 546
209 352
871 61
432 607
299 1000
726 140
673 112
488 511
196 238
970 367
509 865
519 375
149 901
884 275
903 849
116 901
424 173
748 151
639 778
342 244
454 298
493 301
130 489
367 244
460 327
995 641
924 214
726 421
139 637
881 403
968 893
73 260
589 83
76 733
224 936
870 657
150 821
121 221
582 50
582 391
50 556
568 487
650 664
951 956
74 237
792 444
338 362
991 634
499 344
371 527
814 33
172 548
509 571
826 857
858 913
676 146
413 270
343 888
282 178
183 583
863 225
440 224
982 433
564 911
550 703
68 815
991 185
821 802
677 109
91 70
328 692
603 721
59 458
774 514
442 107
647 479
575 898
248 844
7 956
672 190
194 837
374 778
413 954
414 397
91 256
573 246
92 255
235 153
148 313
129 492
719 898
387 173
99 704
796 988
265 54
374 752
488 884
547 680
179 962
553 939
237 178
551 290
275 694
722 245
571 764
904 549
742 240
528 556
263 756
693 985
596 724
197 234
786 492
625 348
661 545
55 886
207 799
889 295
429 828
339 377
106 603
51 873
855 283
713 914
72 173
717 379
720 365
77 405
914 626
41 647
631 132
208 742
887 613
709 842
138 164
892 797
181 407
347 358
776 115
738 694
631 608
980 168
69 993
164 256
396 489
825 668
937 230
700 837
58 53
920 136
702 271
273 590
311 595
544 110
446 457
273 951
13 368
876 408
257 329
317 583
123 980
28 711
34 348
162 848
909 447
327 512
826 161
865 279
993 346
793 101
441 568
990 359
826 613
926 886
690 295
288 439
200 39
951 705
916 402
520 400
868 638
557 480
81 303
418 807
874 773
545 803
285 744
91 399
642 821
972 524
437 989
41 28
906 597
317 183
656 52
488 241
88 406
87 486
569 99
825 790
589 277
75 294
592 76
293 190
83 257
367 598
870 262
121 540
528 126
196 388
638 32
570 194
738 22
4 121
889 981
200 196
284 300
56 251
506 25
488 658
70 179
776 601
308 279
639 514
242 98
207 980
578 712
214 6
800 690
220 950
582 948
830 273
785 643
332 938
347 613
154 300
409 92
921 295
855 478
983 133
327 609
471 540
112 13
735 910
789 631
441 38
180 135
845 789
337 450
63 187
388 244
995 247
894 836
145 368
237 447
628 977
924 911
460 354
831 166
209 211
523 644
925 189
49 167
267 104
142 242
471 136
278 218
789 227
316 756
206 79
482 578
193 170
194 216
235 819
895 42
541 797
610 797
241 83
811 900
862 469
343 571
278 918
835 321
730 764
164 318
604 158
235 279
194 476
991 281
39 956
596 658
723 10
979 555
448 636
603 544
394 101
930 125
324 873
71 826
2 274
75 1000
42 166
150 463
208 706
652 376
700 116
359 613
877 232
271 617
552 753
56 374
440 96
59 348
477 165
595 382
371 21
261 30
992 241
501 244
250 481
616 275
478 423
588 295
541 979
904 382
302 312
409 609
998 694
250 167
946 424
141 874
293 691
436 223
946 887
431 262
118 301
437 761
635 312
206 487
930 116
673 189
87 937
290 279
881 21
992 971
149 975
648 701
918 872
666 241
850 703
191 117
747 262
895 75
952 275
164 41
147 243
792 252
90 549
153 792
647 781
507 291
712 553
106 277
841 139
180 105
806 493
607 468
790 92
886 382
264 900
3 868
818 864
212 503
243 310
968 215
1 666
184 219
722 712
314 579
261 659
940 165
651 279
445 204
265 318
563 375
768 745
829 850
416 611
278 910
660 657
184 767
792 521
59 599
533 883
780 832
780 653
845 330
791 340
144 584
716 275
990 683
596 181
882 134
522 411
388 246
338 223
817 205
121 712
171 909
160 893
841 140
716 539
199 308
808 398
534 290
972 385
955 347
904 364
944 894
652 76
137 704
572 665
177 767
69 599
768 934
72 275
547 499
275 931
846 302
629 529
82 692
409 540
673 891
1000 985
975 60
46 136
454 797
461 209
720 909
389 178
719 512
333 912
337 770
429 201
999 325
782 111
288 255
235 213
933 193
219 354
394 272
628 17
774 784
116 368
647 692
580 711
962 134
484 265
284 446
692 152
415 531
811 629
971 348
84 310
754 497
625 886
574 348
838 983
673 132
908 477
506 365
691 52
257 514
771 879
521 896
625 894
541 243
619 834
908 428
838 543
840 592
698 421
221 567
574 101
538 768
623 364
906 150
49 878
780 886
253 124
234 550
91 352
183 938
866 16
4 400
495 35
541 277
942 45
523 355
29 246
747 55
730 101
260 60
180 521
789 113
439 568
851 117
209 466
83 223
800 859
65 140
831 491
604 176
34 543
416 957
865 494
296 490
757 355
133 217
797 311
174 527
211 259
485 315
770 442
623 879
311 690
916 528
442 53
133 362
153 582
638 9
195 929
361 718
628 718
860 719
205 498
247 155
562 104
797 683
639 479
749 395
31 312
453 169
328 771
185 894
511 487
860 32
823 446
740 5
495 400
669 468
816 637
563 686
568 238
615 187
500 400
261 322
462 8
649 85
818 586
873 186
763 823
105 320
179 444
715 222
335 763
968 724
983 374
42 140
872 553
582 877
785 375
507 904
550 236
642 837
351 171
285 797
48 136
952 281
689 787
691 979
577 139
125 52
226 133
826 9
826 578
253 350
370 189
903 869
369 516
779 750
413 548
214 266
841 486
969 204
715 397
732 37
4 486
228 613
572 937
193 112
794 234
563 548
327 334
638 893
144 225
219 679
150 837
609 422
437 581
877 513
540 922
594 378
466 833
947 904
749 492
399 133
629 96
551 314
790 155
370 664
121 773
44 38
482 193
338 186
671 652
599 227
106 174
413 290
649 821
98 368
520 37
593 913
725 782
745 525
846 165
527 503
639 338
881 398
235 904
328 203
213 107
783 822
437 175
660 13
70 593
418 710
106 431
829 539
46 782
213 6
747 655
171 370
953 252
311 665
404 778
921 893
387 185
481 694
853 641
799 14
231 45
805 53
821 61
235 182
762 364
825 58
639 644
55 270
577 979
313 270
369 605
562 712
84 848
781 298
674 356
706 524
380 901
736 827
685 975
205 110
975 3
599 815
467 686
324 247
658 198
217 398
551 959
412 474
757 424
169 645
955 181
383 401
261 189
462 29
962 474
781 950
619 807
783 197
175 696
986 468
380 107
13 561
109 174
643 55
866 363
96 530
171 822
299 243
82 464
621 893
68 3
454 561
73 659
642 667
293 8
839 767
610 653
632 126
753 391
876 669
93 689
613 146
198 255
866 285
461 229
129 818
991 310
104 187
523 984
726 252
137 311
893 580
803 869
589 694
789 340
69 567
351 262
193 485
759 124
137 981
442 807
707 941
305 287
77 283
177 752
516 178
386 15
208 494
182 894
580 641
467 862
875 650
396 500
144 101
973 324
225 967
425 905
996 59
154 130
339 130
467 169
820 201
359 255
928 42
489 959
92 474
62 370
560 113
465 243
904 874
785 316
471 109
416 910
626 443
754 196
684 645
829 161
892 597
314 505
46 181
121 994
207 657
126 487
73 839
2 167
476 274
495 566
349 711
133 997
315 782
541 670
304 894
925 692
892 28
732 963
201 714
537 920
211 137
234 286
829 557
226 706
759 300
952 14
445 804
464 920
177 228
395 173
945 321
130 329
194 923
210 539
247 934
63 346
184 682
871 548
996 773
910 449
415 376
673 215
439 358
369 859
831 767
978 97
137 410
675 524
624 100
381 126
164 626
557 13
226 448
962 342
356 859
69 992
945 586
858 103
482 915
509 367
128 189
662 576
994 615
4 13
867 130
147 966
62 821
750 876
339 144
273 110
359 237
72 458
248 213
121 323
38 377
577 682
261 693
647 522
707 669
282 135
264 390
926 114
527 911
786 737
986 687
273 773
440 936
809 174
792 114
21 827
243 839
541 180
462 562
672 205
710 26
401 963
662 797
207 923
199 852
570 225
49 943
818 55
142 802
767 935
438 763
681 373
455 902
184 557
902 480
707 757
444 802
649 363
268 977
897 116
323 390
469 491
87 812
996 505
20 708
19 564
871 564
832 161
316 114
887 816
980 406
194 489
395 613
341 118
966 220
951 97
914 772
402 721
773 346
439 803
846 737
830 42
499 76
62 176
873 319
35 772
658 948
471 242
56 820
789 217
820 196
825 516
558 869
730 435
728 347
858 963
448 651
118 128
20 905
23 428
23 859
779 729
523 876
46 605
278 264
529 645
454 576
624 368
953 670
533 85
476 464
58 183
559 168
538 765
542 670
316 9
739 554
191 859
72 765
731 651
35 6
743 11
766 623
622 678
574 408
995 238
958 486
63 636
121 16
446 879
529 9
200 86
326 193
127 613
475 204
19 795
635 412
667 135
800 127
394 122
177 781
965 28
237 586
552 666
743 555
919 382
941 963
673 975
746 208
341 151
489 329
965 685
321 323
576 39
226 857
886 102
118 924
83 170
144 145
307 383
754 227
870 127
247 311
67 382
563 654
217 704
360 346
36 601
328 914
992 932
921 821
593 527
995 100
614 112
464 423
785 18
675 866
660 916
855 720
21 176
548 562
914 130
216 878
151 546
916 382
389 692
545 934
160 554
927 802
434 31
659 247
399 654
581 353
666 301
510 600
961 287
277 238
426 744
248 776
559 760
673 407
417 658
108 268
343 168
184 106
681 522
169 733
41 747
265 242
12 476
506 51
749 21
35 334
736 449
330 318
721 742
378 443
904 407
996 552
279 363
171 202
69 973
343 532
151 229
466 305
510 901
702 670
117 977
558 233
119 568
709 584
961 185
51 776
469 84
659 585
35 172
863 937
405 777
369 224
299 765
462 859
247 195
565 831
920 262
881 762
684 777
267 834
885 595
81 498
462 92
265 251
173 584
305 295
78 487
127 398
932 644
311 727
919 873
78 108
828 900
834 835
360 369
784 974
866 639
324 929
588 342
57 669
332 975
830 495
7 684
306 107
253 614
554 286
604 374
948 427
660 253
112 187
206 573
558 99
262 364
56 916
681 466
594 280
850 686
429 204
780 834
981 414
603 679
88 291
416 805
515 595
623 530
242 190
7 721
831 42
416 580
348 268
414 117
966 477
515 183
93 522
148 807
831 849
117 286
971 872
720 322
110 420
142 948
254 82
861 90
720 850
277 915
425 602
43 849
523 132
264 2
138 337
755 832
374 987
875 223
911 309
383 460
661 713
460 446
997 795
392 273
247 283
193 576
672 872
322 868
179 478
71 20
307 248
678 457
292 553
793 492
207 35
524 807
282 406
873 406
429 277
786 976
604 591
973 267
919 848
521 133
685 831
552 493
637 539
212 13
895 776
994 985
606 782
147 304
720 414
313 24
228 524
847 224
426 281
779 957
630 902
980 10
344 327
545 563
432 117
983 47
197 827
550 155
130 567
735 218
774 638
410 636
757 216
4 384
225 418
243 831
228 967
119 293
727 944
599 127
139 126
783 291
808 896
551 248
169 643
112 146
702 811
59 807
351 342
353 915
340 633
247 385
54 103
693 428
783 510
992 997
219 61
420 733
855 228
149 879
684 97
170 36
338 527
228 370
263 813
549 836
72 703
888 47
434 583
860 290
610 630
917 362
611 198
5 502
355 698
779 377
708 289
925 293
848 690
616 514
584 633
250 31
371 832
695 608
258 288
574 20
337 161
338 305
763 333
909 583
469 645
860 27
495 899
72 843
681 191
632 106
643 787
392 601
786 771
247 414
691 393
652 395
234 775
625 189
726 390
755 100
496 503
540 757
97 397
485 959
467 675
106 634
44 673
141 500
587 249
225 793
186 239
169 877
740 412
623 497
392 866
445 232
447 777
925 318
801 368
89 6
145 244
695 852
197 286
426 580
559 531
448 419
194 238
763 405
335 987
316 365
328 931
703 553
113 132
69 51
124 9
887 381
619 42
212 427
200 253
120 548
724 334
834 410
563 200
598 788
395 586
504 320
142 607
824 562
610 520
77 495
169 297
867 350
740 976
273 988
543 214
448 240
673 326
394 276
803 125
895 180
805 156
330 252
100 508
405 185
100 124
889 926
677 716
56 581
533 360
883 581
994 884
786 319
995 489
885 586
4 315
605 977
570 112
48 622
451 922
105 595
875 556
843 240
438 249
386 348
206 325
399 971
820 305
12 690
928 760
858 828
731 237
34 544
551 453
475 356
195 334
4 579
805 926
483 484
996 305
726 85
66 698
747 304
624 683
697 915
91 251
883 733
222 468
761 979
261 626
619 608
838 825
914 630
820 393
626 223
170 931
302 891
903 393
722 919
871 612
381 155
200 423
395 190
627 52
71 717
275 868
402 36
921 615
130 353
903 851
958 670
419 718
485 246
892 666
622 393
22 670
197 706
627 195
755 232
42 383
741 586
940 366
482 393
921 93
710 703
207 301
78 772
96 162
58 446
186 107
229 24
150 971
990 531
212 448
297 152
675 750
326 936
254 858
471 816
68 922
248 917
48 292
445 810
924 502
249 204
502 238
160 753
469 25
801 936
949 831
751 762
992 676
555 408
424 447
811 818
534 510
558 631
44 342
523 187
906 66
29 348
410 901
106 645
159 39
858 888
774 959
520 170
169 284
80 284
941 113
483 274
138 187
194 268
360 572
150 503
206 60
206 19
171 47
670 363
900 948
905 302
873 468
673 453
69 561
861 224
755 271
811 922
576 112
685 306
392 636
484 194
212 463
338 490
582 527
675 187
353 105
643 696
71 707
759 612
536 776
538 52
82 741
141 179
780 623
250 674
380 597
364 836
970 699
996 703
560 504
890 851
360 706
871 692
158 876
51 178
884 516
677 426
830 853
56 807
643 45
593 366
773 268
403 753
904 501
57 160
910 232
138 526
552 765
363 718
490 474
933 630
77 245
702 269
177 601
889 240
907 388
873 929
982 13
519 888
716 524
185 656
662 430
918 516
77 879
614 354
63 760
462 728
983 571
417 939
659 75
309 600
909 45
862 620
59 897
576 277
353 249
541 766
800 440
803 30
911 801
504 514
471 878
40 936
540 512
298 480
335 46
743 157
177 132
361 679
602 879
452 778
6 165
54 55
719 178
679 801
352 539
6 609
875 757
962 939
725 40
376 36
545 914
775 764
303 902
571 289
660 211
596 498
688 556
138 267
495 805
921 182
61 773
814 502
998 348
27 126
177 102
267 939
14 819
93 168
774 928
756 683
934 377
336 86
483 882
725 479
25 412
506 618
906 155
847 977
853 487
129 116
455 127
296 313
847 283
461 435
905 321
227 918
913 485
982 794
324 590
933 632
866 246
352 421
40 927
534 185
260 198
619 978
728 768
506 915
341 312
515 195
953 669
141 223
41 148
11 157
650 583
257 584
97 321
409 979
812 191
123 624
949 132
537 404
56 287
862 5
33 653
296 998
7 930
797 525
29 102
357 297
213 52
813 527
785 166
783 695
881 770
933 358
76 762
420 600
576 45
127 567
761 103
565 865
247 430
732 644
857 398
15 36
71 203
552 667
558 964
755 948
292 670
4 128
78 636
355 514
227 345
292 245
144 43
476 130
947 112
913 174
326 518
932 433
533 93
681 759
960 175
196 492
171 500
979 323
482 674
157 185
910 617
318 294
508 422
895 266
933 835
625 786
59 481
774 40
405 128
191 459
482 447
445 41
737 408
837 984
454 756
625 600
201 491
311 704
555 155
386 697
760 449
152 342
197 456
672 66
487 47
821 116
492 769
992 788
76 13
774 16
981 894
157 257
267 442
234 500
697 610
38 524
990 57
253 411
121 376
336 615
119 868
509 198
503 64
838 552
784 255
651 807
272 770
254 578
865 654
661 701
648 244
332 325
448 330
502 61
679 319
396 55
678 421
906 964
616 155
316 644
335 2
389 555
526 100
231 109
875 604
904 397
626 602
435 600
789 287
59 196
879 124
299 152
743 22
336 240
160 546
250 601
822 894
803 280
7 768
273 840
367 185
792 849
4 386
282 348
726 37
800 364
402 615
569 896
162 310
623 423
755 877
661 710
204 362
97 363
614 591
800 518
265 873
634 562
966 227
340 268
766 47
328 460
509 521
19 378
990 322
723 654
405 771
955 920
372 348
433 985
730 458
360 89
517 893
681 345
845 320
120 454
166 787
794 725
688 112
389 677
247 42
904 430
784 94
142 633
293 592
938 711
972 518
518 244
394 145
188 97
794 580
523 142
678 903
543 926
488 912
378 851
470 512
106 911
55 446
735 893
956 561
429 401
830 206
716 611
135 6
466 270
201 433
624 737
219 714
736 5
542 302
221 24
993 938
685 489
100 364
560 280
906 380
121 156
418 176
360 206
138 913
491 427
862 206
883 528
722 986
311 641
813 325
173 912
482 170
219 698
33 294
452 534
469 971
73 402
73 549
516 223
780 312
369 548
420 24
226 167
192 694
445 220
946 611
219 676
657 39
34 287
968 854
317 659
110 167
476 758
577 897
167 100
26 517
105 843
906 859
82 572
376 518
339 416
506 77
197 962
21 60
109 864
550 846
590 939
21 116
22 98
260 297
533 720
668 107
543 786
463 468
121 165
73 735
51 420
446 940
215 745
860 181
844 223
423 459
951 398
82 277
357 962
485 168
180 698
644 204
40 151
947 609
647 390
199 385
962 500
853 200
653 987
999 484
796 797
603 458
253 130
471 378
493 899
681 402
258 101
518 698
663 888
170 348
282 111
670 76
193 600
141 280
952 305
40 864
493 698
574 680
439 898
387 213
351 812
181 262
82 381
528 981
466 988
177 204
870 140
732 607
341 762
644 446
361 224
186 984
121 387
724 246
998 262
33 909
359 358
783 21
890 455
41 25
754 624
519 741
106 105
902 909
623 6
139 911
250 307
530 340
507 470
952 329
536 8
789 858
518 701
774 6
830 227
557 857
264 843
369 663
68 16
105 810
341 703
197 948
327 773
626 167
511 281
645 310
793 213
685 468
135 823
265 103
620 354
585 192
453 112
594 633
914 674
720 67
884 852
97 430
632 218
795 102
25 773
350 259
542 874
605 920
331 989
640 841
675 174
917 370
350 813
171 624
285 711
530 400
906 62
564 275
122 257
450 146
359 492
308 926
685 479
21 30
715 145
425 734
796 14
725 400
439 694
301 894
216 587
730 262
142 168
738 365
254 763
954 88
384 926
715 977
483 512
44 992
221 781
216 901
766 221
551 126
19 524
611 45
166 365
153 117
464 179
121 860
621 939
251 192
215 499
622 50
19 198
94 398
573 489
441 536
257 807
360 968
144 533
932 923
680 956
40 966
809 759
260 382
560 428
541 326
102 329
34 494
317 840
417 727
933 236
806 106
592 290
850 564
506 140
683 864
980 262
484 786
982 683
732 871
887 985
219 3
475 957
930 289
425 814
661 665
211 432
388 566
215 55
399 446
974 170
462 323
388 931
740 984
195 443
692 923
768 732
968 889
749 216
18 566
989 274
661 757
205 595
425 418
667 175
885 796
779 508
174 664
709 312
233 503
748 773
911 893
371 958
453 896
828 474
518 561
825 535
153 214
887 651
265 557
33 617
430 810
754 974
142 810
392 478
300 319
800 880
559 627
614 114
895 355
532 868
754 203
437 557
331 102
921 433
574 507
498 525
372 601
907 382
728 636
432 9
739 298
328 437
806 576
125 842
882 218
19 760
442 421
557 39
560 789
78 928
378 397
766 722
360 581
144 914
72 79
916 280
749 863
720 587
951 881
920 189
739 67
208 964
776 929
154 128
302 327
955 701
720 2
812 480
254 17
951 405
627 822
663 257
208 851
941 223
523 979
121 316
665 165
657 530
35 473
605 18
642 28
774 956
496 355
137 988
945 568
748 433
69 1000
224 939
590 873
590 290
228 318
80 103
302 810
11 334
569 895
307 927
415 580
714 112
974 942
735 432
610 884
476 131
141 879
369 898
958 145
153 283
779 123
980 712
369 485
72 453
159 606
546 230
220 709
638 107
811 497
387 76
668 286
924 460
905 962
933 834
754 758
661 566
837 594
336 3
870 922
688 786
308 704
700 943
679 709
828 718
313 948
409 872
191 959
839 771
199 462
871 984
69 962
516 17
521 397
663 764
834 555
850 37
371 625
369 268
214 915
429 286
547 594
750 634
418 684
661 11
311 620
754 872
757 972
206 1000
425 588
623 869
799 294
837 127
747 580
430 752
51 193
217 383
54 891
882 942
134 901
993 145
921 172
542 145
502 935
197 703
212 194
92 664
843 985
109 586
700 934
37 712
496 204
921 490
521 45
208 720
764 114
999 300
745 319
968 917
965 708
74 178
147 216
55 931
855 489
724 331
462 494
674 302
378 524
89 412
785 655
552 686
57 272
352 744
663 447
497 60
998 308
688 94
910 864
892 131
565 99
706 607
251 657
291 28
592 762
916 98
757 433
80 696
735 559
526 427
13 609
70 594
867 486
825 900
200 812
365 729
593 683
149 450
850 132
206 653
216 653
935 480
253 536
17 503
439 846
898 891
188 165
740 179
675 886
968 86
805 487
671 630
974 840
154 942
83 844
885 654
644 665
179 117
269 42
783 847
109 939
862 716
858 305
381 241
687 116
797 137
928 531
596 776
69 754
451 331
188 781
199 702
40 520
954 875
738 898
392 420
552 595
166 835
712 468
670 103
428 630
663 251
321 633
359 52
870 402
714 5
473 363
550 808
757 97
336 835
874 463
784 987
389 943
889 236
584 239
736 420
62 894
158 815
133 104
707 824
670 257
74 710
803 365
34 767
550 444
435 762
857 26
55 744
862 776
973 496
864 114
647 420
135 133
717 113
817 844
767 894
896 8
695 440
952 522
845 544
123 656
959 487
65 76
695 472
360 75
748 396
541 431
695 98
662 804
313 654
996 547
261 27
194 641
618 566
657 718
743 383
811 624
467 854
386 809
889 294
724 287
475 997
467 763
231 313
838 355
604 175
932 994
438 166
702 979
477 921
486 407
278 799
889 457
409 988
655 950
824 957
452 6
805 518
481 478
683 329
982 553
924 597
707 95
835 617
692 595
415 921
967 92
678 17
697 835
147 683
848 423
540 494
318 869
616 344
490 237
726 781
123 245
621 217
86 508
972 919
700 867
717 187
542 842
973 273
811 442
811 113
282 628
863 419
376 65
68 287
732 761
87 391
571 701
436 141
594 758
166 304
299 40
154 864
341 921
749 86
925 906
659 773
554 948
683 334
873 117
562 606
764 742
784 945
784 155
554 583
630 844
461 527
297 905
815 682
748 358
764 597
925 405
286 586
250 939
567 442
74 986
636 398
630 759
735 94
972 444
691 844
993 513
260 459
233 963
206 498
889 157
816 587
51 787
430 869
767 329
966 363
438 204
715 482
610 148
131 117
847 28
804 703
545 329
988 10
137 108
639 259
288 584
676 609
950 320
571 214
738 460
823 931
538 590
460 385
863 848
635 974
465 391
451 633
872 124
659 891
968 959
914 90
625 917
466 502
994 931
95 151
338 213
448 456
863 881
220 286
689 28
371 922
332 448
263 370
233 330
12 562
168 175
804 466
781 626
518 236
649 38
478 664
94 400
858 718
227 758
768 762
163 224
735 146
520 156
518 704
884 459
19 411
79 316
439 684
465 864
926 842
142 867
469 753
533 167
763 531
75 614
693 286
914 158
264 813
7 527
411 654
188 290
103 76
899 586
782 601
36 718
932 539
754 90
495 884
206 634
867 220
445 696
389 219
448 126
349 340
3 280
740 964
296 493
439 255
97 268
557 259
677 770
990 222
121 390
108 115
451 277
604 802
933 724
435 133
907 182
662 157
55 597
648 294
820 485
55 329
615 776
466 842
653 502
378 24
749 503
108 385
533 757
201 116
361 451
702 73
448 52
885 2
834 959
831 90
692 348
724 573
358 362
526 65
723 633
740 926
179 86
806 891
20 68
776 132
544 822
889 747
428 289
243 848
581 585
957 298
966 801
272 948
972 910
582 329
809 92
785 801
423 30
997 698
392 434
376 279
466 687
212 133
783 133
948 561
606 504
998 818
804 390
58 623
138 303
702 833
205 162
152 274
888 103
814 851
856 998
526 217
537 128
327 772
825 45
554 238
958 429
934 124
723 279
62 473
483 209
284 390
412 869
108 578
14 977
700 240
105 327
258 968
82 146
392 917
541 960
998 318
139 128
896 976
507 164
87 418
1 764
571 133
700 909
429 489
496 376
185 776
225 756
559 684
48 198
124 561
434 249
930 169
417 407
860 426
862 765
521 476
443 525
172 493
779 570
174 655
193 924
379 613
877 873
862 330
880 408
66 504
972 899
794 654
904 525
523 395
428 128
965 529
982 858
640 365
454 597
551 121
882 455
822 107
57 491
104 372
461 200
154 362
317 782
392 102
345 807
273 38
285 997
738 615
571 515
146 608
35 283
687 372
405 86
383 256
941 719
858 674
801 690
325 601
452 87
875 623
76 683
659 167
349 14
205 265
705 286
82 37
264 143
799 865
466 823
672 886
793 532
748 373
401 10
538 182
648 21
794 220
278 997
761 39
118 51
506 231
781 295
217 354
515 711
492 279
809 38
991 458
258 986
387 88
207 379
393 865
339 358
106 39
932 220
70 961
308 385
146 36
723 653
853 173
629 708
560 896
713 85
728 648
349 166
764 646
589 523
822 26
576 245
996 966
75 567
617 854
502 294
177 158
816 770
434 775
73 656
932 876
40 402
313 719
890 498
652 636
100 513
461 208
34 29
834 374
492 270
755 518
607 553
821 690
649 950
796 803
570 12
637 97
395 634
286 298
417 902
642 2
660 741
185 597
438 97
41 198
705 383
890 504
874 606
412 510
123 974
568 739
949 214
697 165
182 561
163 705
990 136
386 705
96 556
371 504
425 125
281 268
581 928
820 744
214 252
783 270
290 938
91 726
434 812
458 255
367 27
866 797
177 603
206 592
616 407
428 365
211 519
837 711
341 290
547 402
288 839
569 297
57 274
673 563
991 333
974 480
612 45
635 680
908 860
29 346
801 161
214 277
87 25
860 101
162 176
454 969
454 402
895 450
849 583
702 99
632 358
758 561
392 768
871 113
180 935
911 989
988 449
399 583
970 513
7 498
866 376
794 371
536 203
557 446
123 795
393 698
601 259
858 155
317 609
570 791
662 588
954 125
761 494
975 106
25 807
499 152
533 630
465 739
375 32
44 835
341 240
982 870
944 771
235 303
309 556
310 287
238 872
689 329
600 487
335 187
529 989
90 701
235 105
306 923
92 67
664 580
416 745
846 801
22 370
484 405
728 22
831 773
622 959
908 537
235 691
825 567
644 167
715 532
299 511
780 492
846 756
898 900
968 41
715 641
577 167
666 455
540 698
560 147
947 373
870 432
871 2
174 214
875 368
575 412
739 588
376 698
660 771
20 568
93 926
863 211
829 660
360 956
996 721
23 951
546 468
389 750
907 279
409 836
412 513
567 186
142 430
82 803
450 325
77 608
685 203
69 142
672 192
321 601
965 363
142 691
273 576
971 553
201 502
343 430
864 583
419 155
314 63
995 447
830 714
806 471
829 827
338 239
554 354
992 769
612 444
78 624
25 411
49 573
675 961
23 578
569 103
418 192
384 363
862 714
790 39
791 943
999 213
614 283
861 530
524 444
267 757
52 397
175 28
751 13
952 637
58 948
439 369
900 741
260 15
387 897
350 305
619 694
191 940
233 720
354 694
72 29
532 795
358 412
205 423
991 126
545 95
754 906
835 752
561 505
856 275
486 626
103 911
469 256
141 739
660 373
399 451
493 47
442 764
810 665
995 309
700 304
647 679
928 362
361 319
207 632
16 595
436 177
493 373
151 479
289 539
830 65
631 805
209 521
118 589
565 801
809 714
845 113
296 1000
77 530
499 86
616 220
815 356
191 309
599 397
69 642
720 35
434 257
567 879
328 473
378 549
572 721
831 937
818 801
579 42
102 287
873 608
450 385
69 531
605 737
585 539
736 587
94 976
263 171
477 217
78 137
577 651
173 938
212 196
389 584
208 458
946 311
103 131
180 729
805 112
785 486
97 494
596 670
958 29
906 722
669 513
946 637
339 281
267 20
105 689
380 32
847 904
372 513
847 378
439 761
649 557
543 168
763 603
11 478
614 304
127 976
716 166
202 505
700 104
919 852
369 981
775 638
850 6
973 976
616 807
376 460
29 238
909 244
896 701
14 1000
163 494
625 559
789 430
990 481
757 943
82 303
72 312
263 262
563 849
660 653
914 272
337 597
183 96
497 729
424 711
77 691
922 240
872 368
465 206
154 189
502 373
821 345
318 2
570 219
19 262
922 312
957 287
265 553
945 898
479 532
688 720
341 125
416 810
91 382
91 805
256 286
510 480
615 884
495 348
299 377
361 846
947 979
803 960
292 654
666 617
379 741
867 168
261 354
462 378
781 733
618 577
953 302
731 354
866 346
861 922
224 449
667 323
648 419
171 529
631 816
754 521
63 210
564 597
235 567
530 366
89 665
336 836
418 938
572 194
374 485
333 915
532 345
727 934
598 554
960 963
182 312
470 35
678 580
850 318
862 960
496 516
959 101
389 530
685 245
395 864
605 716
953 257
661 48
937 607
58 231
629 620
207 805
207 400
993 592
745 556
318 198
581 190
11 304
603 922
488 216
215 464
731 379
141 920
454 902
589 302
19 167
817 183
745 874
618 181
212 700
74 313
675 390
291 433
538 914
495 364
999 772
208 683
83 508
526 52
467 486
945 583
806 384
790 590
296 286
760 472
759 175
905 356
120 300
892 524
748 265
968 122
476 489
640 714
97 638
646 807
278 269
209 977
279 60
392 566
686 398
13 549
976 915
171 611
911 124
73 400
855 101
845 371
720 410
665 244
168 444
234 767
222 943
374 518
389 866
763 67
68 874
234 638
596 451
73 948
811 130
631 72
459 531
356 45
736 633
726 617
361 747
371 158
713 740
453 27
91 370
643 103
662 961
349 90
424 474
479 380
464 390
797 21
490 897
89 466
732 458
243 525
973 613
560 534
118 402
227 380
10 116
571 607
622 489
568 356
306 971
951 615
399 494
317 540
129 834
831 204
738 413
812 526
617 47
726 411
67 10
490 377
947 651
789 164
582 613
403 886
962 696
671 757
428 585
910 765
285 571
969 602
434 864
110 114
454 359
537 753
350 67
559 320
870 480
122 617
809 297
267 320
394 600
441 823
825 148
969 485
826 583
865 61
230 420
439 525
723 532
209 463
137 186
356 266
375 510
857 363
123 692
967 719
577 124
118 376
439 674
850 775
583 268
445 236
732 290
693 331
487 60
326 591
624 195
127 480
441 279
575 294
351 605
68 916
27 827
391 897
884 744
431 30
569 531
206 289
515 30
242 449
221 694
19 847
434 534
371 396
260 854
151 346
744 60
652 157
254 111
730 428
181 334
885 259
663 938
423 385
596 277
173 778
742 161
980 353
253 588
96 25
205 851
993 781
756 325
775 464
926 742
615 680
205 228
84 411
446 262
