885 2436
805 144
437 577
91 799
754 446
827 476
333 171
405 729
83 9
119 554
712 631
786 824
436 193
772 379
495 50
63 290
266 503
713 422
878 413
883 808
792 456
702 79
530 763
107 669
644 204
761 514
341 506
272 284
636 838
139 102
674 615
605 380
326 775
273 393
577 144
677 602
399 850
440 139
441 694
605 595
556 454
335 797
266 820
182 575
720 268
634 436
618 42
802 648
551 153
813 843
175 623
857 636
343 147
301 250
834 629
355 468
304 674
194 385
306 16
270 481
127 184
266 189
85 89
505 400
217 670
450 540
291 320
113 797
650 665
338 272
28 143
764 212
674 204
531 469
435 183
537 867
811 109
65 438
671 178
340 693
824 144
277 490
827 742
28 471
560 117
686 533
744 636
768 98
697 503
819 472
212 756
691 132
788 874
798 280
729 55
752 368
384 495
38 806
810 336
704 184
757 436
696 840
345 244
751 137
536 342
688 49
655 2
108 864
269 601
511 688
187 176
707 553
780 171
391 763
268 573
126 857
161 587
4 655
720 684
624 247
254 438
646 152
423 785
814 387
467 737
285 667
700 171
332 461
80 707
597 439
372 513
28 419
394 175
263 736
400 655
868 801
817 485
74 810
602 419
384 179
294 351
405 424
270 675
567 91
491 466
827 706
288 440
200 735
58 168
96 491
885 677
390 781
389 795
268 604
767 641
398 235
94 769
663 208
186 724
226 383
597 289
135 38
746 396
359 57
215 835
533 335
4 245
67 556
798 269
511 467
494 690
561 610
161 250
191 758
697 597
745 27
195 589
91 185
398 551
96 155
133 522
278 621
269 208
788 298
386 812
650 813
696 585
604 210
836 675
40 183
331 831
153 51
391 25
141 562
513 585
614 199
729 712
706 90
807 868
140 750
586 497
308 181
736 115
353 103
99 744
614 116
389 559
28 686
347 502
111 401
461 748
500 118
778 849
618 616
654 196
344 538
492 659
19 152
852 197
9 613
357 828
230 58
358 463
396 821
293 490
84 104
195 373
660 518
536 87
735 665
765 674
614 474
710 73
86 418
145 60
881 295
131 225
702 215
723 635
523 61
390 675
182 257
44 725
614 260
427 682
635 231
508 778
310 101
293 403
846 780
204 767
365 818
32 584
805 264
697 663
698 271
810 158
868 518
78 549
626 512
708 495
585 809
235 797
533 585
778 253
506 367
843 281
509 829
495 660
441 69
169 456
868 177
446 363
51 377
306 211
714 212
199 668
313 566
8 719
228 106
393 608
137 675
800 469
568 625
552 800
703 470
304 826
358 876
198 154
37 104
480 693
870 744
64 9
501 433
800 515
447 725
548 605
628 502
168 247
774 454
523 265
414 289
223 106
398 832
24 395
561 41
397 543
2 424
457 168
3 811
161 243
28 801
839 337
509 132
759 595
213 118
272 386
147 165
241 258
849 821
386 406
633 289
488 485
180 622
181 633
262 124
126 188
110 346
681 772
53 800
440 305
276 354
522 147
190 381
193 421
122 372
124 683
625 32
737 324
849 703
828 629
597 74
834 364
138 417
784 601
732 473
276 620
281 36
410 114
175 552
326 564
846 271
709 855
504 266
141 182
589 162
223 809
728 367
454 568
74 289
828 524
443 636
839 250
200 225
93 500
209 568
501 95
325 694
659 42
786 117
132 106
830 1
483 812
742 808
122 673
299 652
824 421
882 167
55 579
612 268
704 490
501 715
356 194
506 691
418 48
846 48
477 232
25 645
619 67
692 267
103 569
714 469
273 643
438 294
208 275
614 378
157 198
488 622
490 715
201 335
425 700
154 482
232 595
359 592
289 764
454 876
97 212
865 353
316 773
374 55
265 705
730 609
620 589
589 410
127 559
166 259
703 45
281 820
783 879
418 753
435 661
40 665
865 88
322 622
794 84
632 679
155 821
664 632
722 287
155 489
305 847
736 90
499 480
592 132
336 680
432 155
838 66
144 90
450 585
516 593
353 370
570 311
482 643
650 873
612 231
668 708
334 63
746 522
193 410
801 859
31 527
679 149
95 88
116 262
615 651
45 201
46 738
181 313
238 322
258 562
777 213
318 738
343 750
827 766
133 305
648 4
651 499
747 138
768 122
859 494
734 67
273 718
738 30
746 629
714 23
327 662
509 623
99 824
462 607
586 45
313 736
209 57
105 563
68 577
670 604
129 792
537 139
169 481
650 593
634 672
445 340
50 420
879 646
330 180
424 807
28 520
373 242
726 117
446 870
536 124
594 133
10 665
799 411
658 124
19 23
719 208
480 668
1 447
484 252
637 402
655 567
693 91
841 98
624 382
588 844
679 216
827 358
154 350
691 694
319 729
565 806
626 417
111 753
439 371
849 424
23 112
524 192
583 344
1 594
866 259
741 800
541 790
762 269
750 512
641 610
878 113
826 404
554 753
129 501
338 132
622 122
623 722
383 660
294 49
4 276
479 127
855 767
365 336
746 357
250 270
143 308
691 300
303 745
770 238
510 376
693 389
647 131
618 714
233 21
92 259
129 677
421 559
543 141
127 291
48 494
413 591
837 101
717 460
666 65
248 774
709 722
46 843
451 194
71 47
347 344
662 719
460 89
372 829
122 584
85 324
103 37
693 586
782 576
215 154
60 646
649 423
152 713
67 387
471 552
441 749
79 838
479 109
615 656
689 364
451 743
765 219
828 191
866 531
671 531
67 362
213 637
783 641
842 536
22 552
77 873
6 251
853 18
861 615
56 189
845 824
420 264
204 77
577 80
540 92
601 90
730 5
72 274
200 295
113 13
352 648
326 504
217 466
533 476
754 270
109 208
230 204
736 477
539 375
150 25
338 217
817 650
674 245
676 241
697 76
510 43
540 750
32 445
345 42
36 413
145 520
238 490
188 539
354 296
63 197
653 538
642 195
805 565
493 819
529 563
860 624
109 686
669 150
665 46
112 88
765 115
43 85
519 804
774 564
882 675
450 846
202 392
418 640
241 430
709 780
457 529
649 728
671 234
450 506
233 589
74 388
845 570
151 8
144 858
628 758
28 849
451 278
826 668
39 82
64 112
372 745
219 36
102 418
794 206
558 336
46 115
672 558
162 628
218 767
440 782
24 2
339 340
106 201
362 386
417 331
726 493
773 107
372 577
619 822
879 711
127 674
20 872
627 512
550 168
232 398
433 198
298 537
748 734
820 243
875 565
732 877
513 669
610 369
777 589
317 242
741 690
231 332
126 55
8 410
39 243
761 654
831 151
192 671
83 301
563 384
559 753
396 643
17 377
518 680
315 142
743 326
528 107
747 797
715 90
546 856
331 664
460 106
560 243
525 555
268 143
772 808
754 527
779 854
107 187
401 312
683 268
579 770
193 67
726 536
730 801
124 278
271 548
353 72
35 753
622 791
143 47
522 561
869 267
873 117
31 208
31 303
417 580
861 598
259 691
61 739
504 426
880 112
844 539
757 459
726 421
504 281
731 17
824 582
272 495
827 127
340 140
784 330
362 874
553 373
828 470
80 252
639 52
342 156
22 542
182 351
844 643
368 204
314 376
817 359
838 417
17 811
347 240
42 695
417 99
484 258
248 844
249 501
50 596
35 421
881 200
786 94
223 466
757 741
800 116
730 287
14 460
772 707
866 239
833 864
815 623
374 446
88 542
845 686
203 255
351 463
63 140
429 391
161 778
510 242
365 746
297 346
706 550
726 439
534 836
171 588
804 367
109 154
356 325
854 363
273 239
431 383
34 42
861 108
544 867
871 151
151 607
86 163
439 380
134 160
545 178
443 547
704 503
446 97
694 795
623 606
152 750
600 322
710 310
585 293
221 198
611 143
866 669
245 149
462 645
661 818
88 650
348 207
793 110
191 94
568 20
236 335
879 173
543 666
12 120
341 329
490 629
201 766
259 574
403 439
574 185
243 193
464 83
67 431
555 73
761 716
501 457
672 272
478 276
606 690
2 283
759 531
319 419
705 281
823 514
775 517
172 43
728 289
71 448
393 29
310 738
630 164
524 295
563 836
566 110
270 140
834 686
445 186
597 557
379 704
706 522
29 97
309 145
443 566
327 815
86 406
586 528
56 635
558 225
83 195
584 49
684 20
729 742
490 844
569 231
290 279
275 514
884 585
775 380
391 477
124 627
327 814
56 381
402 844
721 170
6 769
6 330
319 790
106 856
175 125
436 678
2 675
865 29
732 312
267 699
653 236
246 361
339 291
801 348
89 840
881 763
37 349
313 119
421 766
349 881
6 873
153 427
673 684
346 444
224 130
759 800
833 92
429 617
461 747
334 331
664 659
386 361
559 286
396 274
276 328
90 884
725 269
340 599
731 660
862 564
495 352
850 689
245 606
104 488
622 309
203 492
79 108
315 823
742 41
762 302
235 799
61 188
537 652
612 90
885 164
189 360
869 710
191 19
163 562
369 695
26 240
847 844
245 784
310 237
332 58
558 729
649 726
500 222
135 402
119 663
720 153
110 789
882 479
534 35
438 321
340 758
736 654
793 487
487 11
132 458
165 266
597 213
466 258
362 179
473 332
19 64
316 686
170 826
686 820
531 885
743 228
861 60
274 246
29 833
557 238
244 34
743 621
527 481
711 388
713 125
256 223
862 670
421 257
296 635
740 404
559 111
616 623
673 770
236 256
91 600
368 574
495 192
158 264
446 831
164 116
728 363
297 90
463 472
728 839
103 65
432 841
875 575
73 585
670 804
715 397
589 214
292 426
403 787
742 269
140 819
186 703
733 289
56 440
524 137
302 118
875 679
785 360
616 884
171 840
88 515
486 66
587 110
58 843
310 682
169 282
363 95
110 210
3 30
461 785
704 811
400 368
546 2
450 239
787 276
408 541
522 676
669 200
173 522
855 253
843 733
550 884
610 877
538 171
335 243
68 478
746 409
111 450
210 123
659 633
77 52
274 506
156 853
324 6
204 441
218 237
479 715
652 577
491 78
158 579
855 875
866 285
272 663
150 744
154 369
633 657
817 365
819 65
873 256
642 7
348 703
664 40
594 707
516 408
286 182
842 53
129 105
151 667
686 311
246 448
304 839
650 820
877 162
435 179
456 343
863 83
315 12
812 787
373 318
395 737
162 577
183 582
679 637
186 332
72 299
218 278
109 602
151 405
264 669
673 807
314 46
334 165
477 153
457 235
223 663
794 743
648 387
282 781
655 321
458 433
404 853
637 715
432 438
289 70
109 8
407 345
564 535
655 873
366 712
612 394
745 577
764 93
453 376
589 283
847 765
738 771
152 418
83 352
51 267
718 842
459 395
23 124
540 266
61 381
637 778
637 224
226 613
709 286
8 528
162 508
366 772
114 430
248 569
377 411
305 662
7 866
498 764
743 64
718 845
556 575
851 163
104 636
673 202
816 860
548 193
397 405
572 146
792 605
778 391
451 126
159 305
680 19
666 529
421 571
244 517
209 507
744 709
526 61
31 267
677 612
583 749
331 511
824 482
489 804
879 649
330 736
37 764
774 495
564 492
514 818
326 380
572 169
864 594
637 312
164 801
437 814
21 628
100 147
622 120
570 98
333 531
263 413
693 685
44 517
698 853
591 633
443 306
120 752
11 22
710 195
477 164
61 421
62 838
411 672
546 496
765 850
273 711
399 468
511 627
275 730
368 136
866 139
830 509
44 408
491 82
181 839
644 353
68 649
627 600
675 320
118 774
722 338
666 436
64 462
241 279
351 390
322 175
455 874
10 92
107 234
692 124
19 266
477 496
873 673
589 752
240 559
37 99
147 104
865 786
60 671
528 638
447 494
378 310
131 115
521 228
84 2
10 832
778 669
856 725
229 637
231 841
751 728
223 83
357 760
410 514
452 716
494 169
195 155
139 839
656 778
787 464
717 175
95 314
688 118
554 476
310 821
274 366
648 359
485 716
697 300
114 29
563 169
847 136
868 259
744 881
636 378
764 167
14 598
550 243
2 723
704 116
461 78
361 828
608 197
574 819
297 691
211 405
838 329
843 165
187 729
483 821
321 659
196 470
290 143
492 215
479 796
338 749
177 263
399 384
481 424
578 845
703 13
858 493
734 486
59 225
295 192
577 57
226 201
564 244
858 412
198 606
510 170
3 486
685 841
669 324
855 121
361 874
787 265
327 704
524 147
730 803
360 147
587 411
92 795
757 82
830 646
464 369
48 43
341 213
237 100
826 579
682 332
762 581
62 426
604 346
786 286
860 870
365 192
721 530
829 721
186 853
320 794
209 604
711 710
623 633
567 247
181 734
348 834
437 580
332 132
204 849
354 162
389 22
249 328
283 796
88 319
73 173
152 209
334 249
139 867
798 797
468 608
216 505
634 818
881 519
604 560
591 384
885 867
698 781
237 383
347 707
849 495
29 765
358 363
733 789
629 253
351 727
579 573
232 689
703 172
572 516
387 557
157 671
563 644
565 765
623 797
349 782
758 124
636 294
18 419
206 434
524 883
562 442
835 575
830 301
353 610
778 328
304 720
212 441
140 512
42 618
113 65
862 829
578 397
329 697
883 360
846 284
77 631
23 126
121 421
468 257
768 722
202 469
574 48
560 788
10 317
247 824
439 49
273 622
280 464
617 297
534 166
404 388
229 105
526 465
820 524
171 605
218 77
331 237
223 476
351 299
740 263
622 242
698 137
323 613
333 669
598 588
825 23
158 472
879 524
202 229
840 308
97 711
870 80
377 234
668 427
491 158
550 774
246 467
581 345
52 211
55 365
25 503
744 3
815 173
156 177
486 427
638 104
133 143
355 51
247 225
584 102
837 604
831 753
718 843
593 232
222 719
581 433
545 176
429 271
565 834
288 652
634 878
738 140
404 179
191 160
468 539
91 385
771 589
504 89
802 205
347 543
872 836
651 583
321 120
175 184
715 351
293 498
162 109
265 657
836 259
713 133
271 613
111 647
258 656
462 496
654 441
549 786
147 79
662 457
670 722
850 838
567 452
625 325
769 632
735 317
368 234
871 135
104 383
488 9
324 876
630 620
350 393
834 177
873 295
398 293
471 305
880 681
655 22
555 620
226 412
351 412
544 117
413 190
877 633
56 26
185 524
130 298
220 789
792 398
65 617
726 732
303 773
694 415
738 606
389 454
9 821
12 883
198 862
677 334
626 511
681 478
94 208
811 622
340 365
430 386
71 527
170 70
300 742
249 813
655 253
786 691
345 609
181 139
669 358
465 261
449 54
472 209
183 606
21 675
371 111
561 483
523 692
531 526
284 315
504 332
377 158
274 458
139 287
592 598
275 153
869 796
30 749
829 781
276 248
762 662
58 586
782 838
832 61
143 46
104 483
430 575
161 57
537 536
403 539
25 300
667 720
779 631
724 551
757 494
206 284
834 444
632 126
77 403
149 521
645 500
64 740
84 389
363 13
95 7
279 694
856 325
49 193
747 8
716 209
737 316
160 174
137 614
309 741
151 797
234 811
510 46
883 71
134 85
781 156
13 242
364 147
877 499
630 388
666 89
425 135
723 40
337 293
689 200
449 726
882 132
481 83
507 73
632 674
111 315
98 732
697 655
51 420
149 272
264 557
685 830
826 545
224 590
80 648
602 517
307 236
680 626
805 571
828 652
23 594
299 429
67 322
871 589
729 881
198 701
879 884
845 847
559 659
345 725
662 512
735 74
134 71
377 82
620 506
755 15
336 570
724 869
600 118
583 151
396 67
751 396
221 498
46 792
305 322
35 274
327 336
589 61
666 551
528 549
5 866
463 474
827 91
212 429
353 306
340 844
625 711
737 13
261 877
446 728
635 359
456 582
401 240
882 350
55 728
648 324
206 235
388 10
616 600
885 185
108 359
364 556
607 282
138 300
885 100
746 448
395 299
639 463
32 711
435 642
112 64
721 279
461 702
449 116
12 136
125 743
606 736
193 434
491 366
255 212
113 671
503 710
6 398
762 216
84 279
176 421
182 429
35 256
608 440
330 332
521 668
503 1
711 476
656 878
734 472
809 730
540 177
688 10
428 858
716 632
66 271
742 812
619 364
436 492
771 12
826 692
544 568
620 312
608 447
311 204
565 129
867 548
61 485
713 449
570 442
147 660
306 18
255 574
343 457
352 700
42 223
194 668
374 822
554 50
133 559
430 573
564 837
473 874
145 773
271 635
100 242
512 786
266 300
697 571
502 853
691 21
308 406
510 643
298 787
198 760
836 279
106 443
660 488
748 448
437 162
755 270
444 481
584 17
144 792
53 664
402 480
501 507
525 281
52 446
397 219
254 107
623 811
437 68
612 227
49 431
553 768
539 503
539 408
112 500
174 102
784 545
239 36
199 351
291 134
466 248
222 89
242 254
704 189
689 617
537 442
638 282
658 610
648 842
98 631
29 301
512 452
803 176
640 766
788 708
558 480
756 794
631 158
852 22
103 379
239 139
260 345
590 20
15 824
263 598
359 712
641 479
542 777
413 608
676 58
514 141
182 754
695 736
510 144
365 584
702 627
744 452
318 141
431 502
400 63
593 224
424 352
789 658
593 396
158 419
141 345
731 594
326 394
240 540
870 792
687 306
65 877
709 406
792 258
20 439
848 549
813 504
335 281
120 486
377 728
362 314
707 130
195 287
770 864
833 221
652 823
504 725
193 609
156 531
857 650
697 203
660 57
258 63
613 562
883 299
766 828
536 257
776 250
296 528
755 470
312 336
440 186
78 748
337 598
283 331
692 104
859 2
641 203
791 19
776 472
832 661
392 802
388 762
864 38
530 596
550 632
288 769
38 690
131 246
81 522
156 150
35 530
751 871
97 480
596 676
385 832
600 535
703 821
74 650
350 296
6 446
836 629
111 116
140 94
606 562
777 730
478 396
740 871
281 267
619 126
602 279
416 211
679 114
461 743
463 361
860 344
627 127
458 453
579 823
579 650
857 185
26 237
335 101
262 847
449 191
710 644
381 605
805 656
351 357
405 770
260 718
359 199
554 320
519 55
45 534
560 543
177 707
449 873
391 721
507 700
420 93
167 110
188 542
361 54
452 718
732 67
678 468
844 287
402 694
810 155
97 41
297 100
443 456
246 604
563 595
507 32
52 762
625 136
268 763
652 569
511 761
21 332
779 333
229 286
637 60
322 262
530 355
234 164
309 65
256 371
612 664
645 178
739 171
354 151
745 667
12 784
589 511
244 79
791 761
461 407
375 106
121 735
486 92
878 24
199 882
360 193
39 446
652 125
565 82
397 704
474 408
426 230
500 258
11 521
284 745
361 604
179 879
342 834
390 432
836 715
176 433
111 879
753 519
627 368
477 724
119 617
108 587
202 221
863 309
386 772
370 129
678 568
870 370
319 200
819 102
307 656
713 437
470 273
36 836
595 319
433 368
31 671
288 605
520 451
398 158
344 111
254 753
350 874
592 309
792 663
299 306
670 199
649 17
362 645
186 439
228 657
731 145
115 372
529 521
301 236
729 721
3 638
380 199
23 720
514 619
786 388
369 65
707 240
461 731
394 131
549 616
821 654
862 58
664 221
442 90
21 158
189 137
127 461
328 530
455 529
683 879
101 701
416 289
213 559
509 328
558 358
654 15
729 513
418 760
682 662
81 496
668 809
335 877
526 453
160 25
544 445
184 708
389 501
502 444
767 480
456 153
761 516
263 166
213 552
287 209
36 666
457 254
504 527
540 685
500 753
535 273
461 687
796 803
119 41
622 399
806 357
54 774
41 198
134 516
727 80
8 341
491 745
111 255
777 650
389 15
64 581
839 86
796 520
627 341
717 390
395 89
502 827
216 464
715 608
457 317
579 272
615 470
691 673
214 864
237 471
203 516
538 535
426 656
580 305
529 34
787 300
566 549
211 247
227 430
360 291
675 44
626 514
863 819
295 263
21 556
743 876
84 841
378 260
488 135
716 535
222 816
120 553
741 420
879 369
712 182
861 384
590 187
581 438
713 714
114 35
688 603
515 105
57 270
10 611
25 102
19 234
132 510
360 87
568 17
472 102
847 284
704 459
778 411
433 589
36 702
625 516
782 370
160 370
634 59
504 789
680 2
798 405
37 752
529 582
757 292
126 287
597 718
747 81
803 406
473 402
455 301
383 848
574 189
82 228
374 584
696 577
351 615
812 495
559 184
126 839
90 662
515 373
186 165
811 161
744 785
800 606
200 494
505 236
343 78
345 268
76 587
80 536
45 320
798 859
629 782
492 352
679 478
333 528
154 799
230 761
714 737
507 869
456 646
92 39
94 754
846 829
392 376
603 24
753 395
400 514
77 849
775 638
464 398
543 628
512 200
162 603
551 169
221 774
834 562
431 287
803 222
329 304
131 435
614 763
227 868
672 290
305 783
362 223
252 868
398 560
153 883
852 638
247 265
447 268
508 865
805 859
73 786
314 678
853 591
765 872
452 872
65 414
271 94
87 782
521 732
79 732
744 403
174 832
801 231
406 735
548 2
218 339
604 791
629 217
833 310
335 128
69 748
2 546
11 662
789 137
620 522
686 692
853 786
160 439
18 480
787 713
187 405
226 72
729 103
436 681
863 770
148 552
241 122
663 475
259 58
598 323
287 488
115 753
100 461
851 527
35 861
147 843
596 538
856 786
62 740
306 165
146 292
720 636
249 482
193 138
378 461
6 573
705 23
615 556
227 375
411 364
104 323
655 202
633 332
148 818
222 755
6 17
228 628
265 300
877 55
110 624
147 157
360 297
667 204
653 614
783 346
876 651
782 175
810 131
132 350
29 647
235 718
269 697
240 477
309 94
673 343
818 777
341 518
292 681
89 323
16 685
110 317
453 118
833 823
655 64
380 662
876 627
236 184
716 786
553 93
555 666
202 590
97 201
876 309
780 435
685 496
546 787
848 19
337 388
678 58
748 193
253 808
680 374
540 213
282 197
51 853
496 12
639 380
635 601
227 579
682 879
115 89
134 827
801 43
396 419
491 400
418 144
864 757
850 290
869 209
467 219
31 570
569 826
677 569
383 23
519 732
526 765
