1000 9881
30 396
698 401
140 226
129 973
575 144
206 717
655 776
158 336
272 979
955 694
371 575
446 47
711 481
566 492
418 370
275 197
369 34
579 883
798 659
783 101
270 72
199 162
57 893
496 712
589 1000
333 984
696 36
532 394
166 184
294 973
638 687
255 360
735 18
316 252
501 168
670 651
881 330
786 508
236 75
679 587
97 779
207 378
583 239
822 813
397 174
736 686
844 537
258 212
424 212
800 415
987 799
515 996
888 712
136 567
103 27
342 54
969 393
273 386
498 375
974 954
646 197
230 410
927 256
585 249
400 779
718 447
420 326
97 439
651 450
309 586
20 659
718 302
376 509
667 636
409 924
67 664
49 133
626 30
236 813
330 547
423 327
98 842
797 598
10 312
854 937
637 279
231 746
767 948
295 265
557 182
261 393
929 439
125 212
627 142
438 307
523 452
103 701
768 98
350 698
612 681
67 566
261 171
372 674
546 43
530 740
38 983
584 758
5 150
579 49
356 254
197 167
695 639
938 104
935 44
228 432
105 587
695 748
916 669
156 36
123 59
105 724
804 840
416 921
859 495
678 865
492 140
4 951
921 940
498 573
445 2
925 280
393 447
808 538
386 720
424 259
833 121
815 313
791 460
585 712
123 281
416 871
531 27
916 956
386 835
616 390
17 37
28 419
981 259
714 142
622 527
736 586
678 301
671 942
692 633
794 137
406 211
62 849
500 502
508 717
587 317
719 209
685 289
962 934
840 470
133 15
314 269
862 715
884 903
633 129
906 545
870 246
248 97
305 174
399 556
71 835
37 767
21 218
404 214
871 824
998 10
812 202
582 484
15 621
668 777
890 905
742 158
716 573
989 623
185 550
210 406
264 341
440 495
646 99
671 436
364 630
408 96
754 441
265 85
564 415
420 695
521 356
851 961
375 7
985 375
312 903
333 527
851 942
160 75
948 28
695 865
41 344
886 800
796 472
49 837
446 705
668 780
940 41
95 186
813 891
557 913
818 659
451 966
251 488
469 273
92 940
130 689
493 619
421 414
340 34
123 658
396 204
165 921
168 115
900 332
683 596
633 865
575 578
32 962
183 805
761 133
266 691
140 88
876 210
550 663
753 537
557 253
351 640
562 65
858 984
801 995
328 343
534 251
311 54
465 738
876 496
326 977
183 120
279 581
84 739
828 217
315 273
153 430
228 982
980 549
486 282
417 353
354 924
499 221
224 498
163 978
590 975
16 750
471 233
217 573
349 980
656 612
209 161
63 218
347 319
366 9
263 479
593 882
621 749
570 861
890 766
96 859
255 885
541 93
119 113
969 886
958 62
998 815
322 260
270 370
810 241
575 307
743 653
288 267
98 262
36 633
772 53
387 209
178 214
58 768
184 443
353 324
559 252
869 820
947 86
1 736
75 819
518 883
61 252
799 562
163 340
394 136
933 440
500 179
780 477
670 985
966 432
903 417
463 478
819 686
876 325
762 428
746 873
806 499
141 503
953 721
367 291
59 82
166 906
686 173
963 488
357 857
231 880
894 48
806 918
720 723
159 356
966 636
551 678
205 486
833 901
776 904
449 924
360 337
34 14
348 466
680 195
439 698
501 849
742 817
327 693
170 240
647 262
560 424
265 28
730 968
755 311
451 389
685 608
473 466
228 364
428 862
330 732
744 24
481 600
193 76
308 299
493 785
22 617
757 353
815 292
110 687
376 133
550 19
493 674
829 456
151 188
78 964
959 581
805 431
619 758
899 166
100 747
374 478
619 384
782 881
440 271
378 168
593 798
813 613
300 568
173 454
546 928
692 614
417 892
988 461
623 945
663 39
940 616
74 673
819 285
359 108
197 81
790 174
173 232
158 580
624 338
589 800
827 151
315 123
118 620
837 18
475 369
646 568
85 237
618 131
835 946
898 297
99 778
817 191
785 665
642 802
603 692
44 8
599 862
871 981
305 508
345 575
94 898
572 534
21 264
828 904
376 567
803 730
280 980
696 93
60 901
690 888
30 489
808 991
16 985
351 279
929 1
660 919
129 601
652 335
583 761
802 352
697 398
593 301
228 256
212 653
711 341
420 626
666 886
556 582
209 693
928 37
922 527
491 409
912 617
964 946
392 941
109 805
827 646
614 834
82 307
360 709
89 265
142 317
818 873
888 519
205 65
689 746
407 939
523 962
139 521
912 279
987 973
17 181
663 218
4 437
378 664
727 884
638 433
306 284
165 599
774 719
794 57
746 798
515 225
609 14
224 108
671 323
15 846
664 596
12 764
614 232
392 823
564 949
241 696
385 499
975 265
739 284
858 569
162 496
845 781
295 300
214 335
155 965
217 364
780 952
566 105
259 889
520 550
76 477
873 237
945 712
488 13
841 527
8 724
941 540
581 565
124 32
825 3
863 607
954 729
60 792
116 652
749 603
468 565
985 709
712 395
483 16
892 172
269 405
786 769
18 151
860 690
75 458
147 969
220 785
920 711
463 611
769 998
506 633
717 1000
721 493
610 460
933 208
957 202
43 534
411 234
860 612
731 933
113 462
443 701
743 590
264 784
905 742
329 718
41 795
874 293
483 139
879 860
519 572
383 429
274 915
556 842
188 845
596 50
942 34
871 456
943 975
819 341
699 315
278 954
707 724
373 488
126 16
128 991
315 419
743 99
201 264
149 40
489 5
372 832
552 741
419 302
917 51
918 980
632 83
940 116
478 975
390 93
855 267
769 567
608 204
661 62
186 414
706 177
737 13
918 285
287 636
350 736
7 877
636 265
237 62
90 165
806 567
499 409
82 577
266 264
802 454
860 624
73 770
756 513
66 461
619 481
892 65
741 1000
214 61
293 674
322 146
235 607
905 177
9 964
414 717
308 336
679 323
518 711
80 479
815 259
502 26
375 264
454 153
806 66
809 958
739 61
153 642
501 210
875 429
566 834
937 2
339 792
983 846
839 159
109 638
576 893
631 793
726 759
586 394
509 457
106 71
828 715
945 281
31 852
69 161
107 498
646 526
418 635
183 953
735 764
629 846
905 815
840 384
92 501
510 92
112 539
59 228
241 756
44 368
797 914
603 995
513 415
475 276
681 705
738 402
645 934
244 95
409 902
581 56
582 259
486 180
876 612
381 66
24 363
228 971
689 79
305 326
508 331
771 609
404 126
335 550
788 331
659 512
510 536
10 100
484 179
688 676
823 674
574 636
707 157
247 332
693 338
217 649
433 587
204 385
116 597
933 596
986 905
81 347
393 167
251 87
584 208
609 845
919 758
756 916
740 49
423 967
597 392
815 449
929 838
496 173
563 393
273 939
297 61
961 70
9 881
193 252
69 577
70 794
971 45
153 670
479 338
887 369
209 874
563 167
51 123
605 544
408 724
678 180
293 154
282 893
127 189
891 819
412 943
141 167
474 836
329 95
537 546
735 835
443 963
988 381
678 481
883 593
496 599
904 574
266 987
220 477
966 300
73 467
935 823
542 751
709 70
556 447
708 258
448 648
103 328
894 45
348 145
318 617
120 240
232 490
86 517
381 215
682 756
954 113
722 245
261 503
798 166
896 186
347 88
510 564
461 240
959 369
483 392
301 519
967 682
581 467
4 574
556 3
209 232
59 585
375 799
391 538
677 785
655 998
347 358
686 540
938 335
976 150
394 413
513 833
164 779
401 431
39 501
540 702
635 888
564 308
398 108
973 456
460 285
890 422
851 916
263 770
433 879
786 173
125 647
18 195
626 428
612 239
939 329
117 877
946 551
263 915
770 729
147 650
636 868
585 718
203 419
645 280
114 634
433 474
165 995
493 534
776 344
874 551
718 844
636 178
121 8
286 728
639 202
262 162
8 345
760 433
170 877
927 337
370 680
116 388
943 923
508 574
366 580
940 883
374 999
289 551
871 794
656 457
489 40
639 953
73 297
628 61
243 89
186 335
158 484
746 64
285 324
784 429
91 413
814 761
621 997
177 724
52 480
698 30
437 42
45 469
662 37
492 558
25 601
702 873
377 794
763 840
346 999
954 742
470 682
892 62
394 433
164 815
601 916
947 640
915 94
256 545
521 251
705 886
45 19
930 545
896 530
643 552
381 769
882 806
42 161
705 999
728 384
570 763
683 936
910 471
498 686
269 501
140 485
123 295
108 49
164 483
278 383
332 318
528 518
726 889
673 443
912 485
544 386
358 511
239 798
430 984
706 749
299 833
249 110
343 972
288 574
606 82
532 785
433 254
184 767
829 209
66 206
616 642
601 370
527 542
288 685
680 127
719 262
700 596
316 379
11 719
72 975
463 373
84 894
175 545
966 372
733 23
921 149
776 688
281 246
10 412
46 310
799 156
234 190
913 521
1 247
111 788
850 100
500 797
375 643
980 551
654 800
452 152
990 784
48 5
87 766
906 948
512 259
894 327
517 542
773 420
975 514
121 819
731 38
362 591
626 816
39 95
922 637
418 76
604 991
543 85
167 251
939 98
831 80
561 564
526 518
346 874
80 178
977 836
482 378
394 548
605 904
877 931
829 704
955 909
425 138
557 721
248 803
770 750
346 652
863 481
630 404
591 918
999 737
787 805
442 830
433 401
877 342
418 150
58 782
147 563
648 460
424 101
429 997
456 605
518 881
597 920
1000 974
675 610
903 414
523 903
878 947
192 230
157 876
766 688
698 688
182 449
202 29
743 160
988 265
576 770
352 107
943 61
63 727
482 738
672 926
486 218
933 44
71 884
262 331
764 663
266 774
837 461
34 298
381 65
134 659
96 223
278 673
619 269
305 325
917 86
497 989
243 17
978 164
889 519
48 33
858 510
968 146
586 545
220 743
135 270
871 512
964 230
307 669
367 225
12 16
793 536
883 747
877 724
659 481
705 611
394 486
590 378
226 569
78 526
929 980
656 876
419 918
631 267
812 615
561 673
377 556
674 896
469 4
532 294
595 540
607 369
575 448
354 196
209 591
782 170
195 524
770 754
347 729
848 802
80 444
189 246
514 719
587 399
398 802
455 343
848 945
977 723
463 888
28 299
505 178
735 940
41 176
45 616
100 661
47 494
892 665
535 389
22 824
463 158
945 427
891 595
842 53
34 849
990 133
116 306
188 135
889 118
875 71
364 448
387 651
944 729
165 514
64 699
46 511
653 301
927 402
513 506
434 613
861 394
898 180
140 982
686 207
484 483
28 909
430 521
732 153
798 856
419 280
702 865
560 778
79 482
962 658
45 206
451 139
422 568
902 502
723 311
883 170
281 995
238 304
419 630
771 749
871 786
100 305
262 992
393 249
718 920
233 848
846 513
555 303
994 773
722 276
502 532
484 39
980 940
216 701
215 945
677 737
215 806
554 380
630 643
835 365
817 714
765 756
656 840
640 333
919 533
463 649
635 232
817 859
592 229
369 860
721 391
190 834
359 633
307 34
661 779
144 901
731 603
74 330
458 237
477 799
910 417
227 296
234 78
717 693
101 996
300 101
420 48
403 834
706 569
355 149
306 139
18 535
737 853
495 589
743 155
301 388
231 71
596 526
516 441
666 458
760 289
140 917
793 965
101 440
136 820
301 166
68 183
708 764
415 162
272 436
150 309
634 536
104 611
140 763
365 185
918 974
978 221
742 2
577 244
53 545
233 18
718 43
405 858
70 894
949 797
898 557
348 404
792 687
190 339
410 883
164 447
638 813
717 418
609 569
333 253
121 903
360 73
677 820
713 715
626 156
419 880
703 992
152 201
570 823
899 663
920 858
407 404
890 584
526 986
588 183
222 86
365 234
609 884
683 141
354 285
338 886
381 768
458 303
298 308
598 107
30 762
45 349
643 440
813 888
316 816
777 290
389 556
191 656
985 135
536 695
991 505
978 968
26 461
559 229
282 883
175 942
377 439
175 236
770 988
257 567
645 396
204 620
545 552
710 162
469 624
131 923
304 453
568 614
398 679
701 790
176 655
504 12
417 683
538 245
794 27
119 970
524 896
282 311
161 838
513 433
287 58
658 698
642 87
992 144
650 634
278 811
651 271
926 647
999 503
649 25
708 347
447 305
510 403
901 988
558 317
245 974
506 846
769 122
207 281
2 587
579 351
52 411
906 48
287 638
272 717
313 23
901 766
543 329
488 107
181 8
686 707
636 378
640 23
57 139
792 210
367 930
868 69
234 789
954 618
60 685
342 451
809 642
772 274
612 280
219 666
27 333
65 178
247 174
907 993
378 171
394 692
515 560
532 498
147 852
795 832
173 684
985 114
179 39
236 538
929 523
880 455
934 228
170 625
870 742
373 918
880 86
255 86
535 352
46 45
41 228
403 781
957 462
999 855
288 603
145 326
883 710
855 131
405 786
74 247
975 143
23 786
728 840
145 684
935 849
383 720
258 385
97 431
975 60
535 123
586 253
988 185
310 469
438 158
955 32
462 16
963 493
546 607
31 5
380 681
642 170
503 179
466 830
380 792
237 641
128 219
770 262
338 796
662 280
945 820
911 223
474 452
203 654
175 632
428 277
343 234
181 251
533 406
347 239
310 785
759 546
650 82
673 787
266 347
328 528
114 1
460 21
262 435
638 335
959 61
216 593
950 720
314 988
384 689
739 927
104 134
432 653
198 560
164 864
402 45
664 360
494 319
740 51
83 784
292 833
70 638
694 580
769 947
648 828
646 475
613 668
265 332
19 416
17 275
880 261
147 880
887 51
412 276
576 647
553 370
825 501
334 861
425 903
30 878
736 819
164 292
611 149
353 357
406 489
616 573
835 861
624 24
202 66
569 243
406 88
743 481
174 996
746 662
927 383
580 294
883 595
809 340
520 897
830 674
652 134
693 990
231 947
144 501
698 964
384 388
576 488
888 426
340 537
362 945
888 528
228 538
927 34
665 87
519 340
557 33
903 53
119 720
963 342
949 919
492 806
557 178
45 350
257 850
949 824
110 380
989 519
242 908
634 854
928 525
910 909
512 460
694 996
951 937
318 472
673 831
394 264
161 3
811 201
703 975
685 560
246 622
907 762
2 694
824 300
665 572
13 536
414 617
494 475
151 910
834 12
393 338
303 307
91 541
700 933
190 835
854 186
593 96
469 136
808 542
934 66
366 815
669 751
446 696
468 976
195 888
288 310
970 318
347 853
764 937
545 913
986 516
499 619
373 78
66 614
819 92
240 829
525 210
193 617
748 413
53 909
645 585
136 983
391 257
1 463
612 506
258 470
171 923
443 94
304 312
31 191
533 921
935 981
93 914
331 773
723 7
712 788
714 334
272 437
591 4
462 367
314 317
543 161
345 247
400 521
812 198
376 888
897 64
111 976
793 151
777 570
996 394
299 170
43 161
480 517
797 344
998 507
550 926
217 598
569 297
839 831
207 910
7 923
677 819
897 403
440 98
936 102
850 597
337 686
566 313
454 519
290 764
517 875
561 671
963 799
116 624
114 299
276 558
958 6
18 37
437 541
131 478
496 70
202 502
800 142
106 653
446 74
866 131
486 752
624 977
967 387
770 989
218 654
59 398
226 149
64 56
65 273
253 588
986 651
455 572
993 381
979 318
762 178
32 565
69 976
443 7
329 38
662 817
685 496
207 92
727 789
249 846
927 311
987 712
201 211
274 801
168 292
701 646
268 767
245 314
780 27
339 189
876 492
555 797
495 838
131 713
499 387
715 903
662 130
461 963
776 769
780 889
12 467
289 690
153 291
176 204
894 506
141 770
224 728
426 396
108 798
823 859
699 365
977 15
543 328
910 581
275 207
142 755
824 390
16 707
976 193
815 712
552 495
374 940
525 894
413 420
79 199
574 673
886 759
542 387
502 716
251 76
787 472
237 113
609 806
631 289
482 376
110 646
341 179
170 461
958 34
27 332
84 395
925 299
854 115
884 190
199 74
562 184
854 7
901 194
260 222
874 968
692 249
551 262
848 983
435 193
464 863
84 216
16 264
930 916
912 658
439 270
169 318
192 73
66 686
231 168
433 369
738 220
614 619
500 191
852 84
781 112
729 391
503 820
610 386
168 369
704 67
244 132
926 966
523 697
770 114
48 141
97 430
637 556
943 605
547 284
750 885
80 478
382 409
148 433
646 592
222 742
263 32
451 256
567 246
510 317
85 957
633 302
45 232
673 583
518 819
718 241
647 207
405 800
851 464
945 811
565 578
552 595
368 832
794 560
869 220
907 499
971 644
741 18
579 459
907 320
964 375
548 630
290 322
163 720
29 683
575 159
582 861
952 454
347 396
260 269
726 136
468 616
358 780
274 225
627 757
366 267
294 228
13 580
964 676
252 374
471 980
130 928
829 738
422 184
819 796
763 98
856 640
69 701
787 210
716 148
539 437
706 414
247 802
105 797
124 289
903 829
80 589
423 695
621 157
300 386
282 168
598 370
670 799
235 120
416 574
113 464
919 36
667 55
170 997
572 537
635 362
364 435
718 742
850 486
406 200
163 906
239 566
940 763
814 36
871 13
653 218
589 732
832 771
672 956
693 846
141 535
680 343
239 276
813 37
561 468
963 456
283 842
50 595
794 370
86 536
91 434
479 571
476 355
370 766
840 123
879 442
94 902
220 709
632 253
760 818
100 307
335 692
485 231
214 303
90 233
362 626
940 349
320 894
871 695
967 564
697 176
937 658
119 279
302 813
393 119
394 408
414 991
843 310
505 405
238 131
869 101
345 255
381 649
755 388
389 788
314 446
952 192
200 805
18 558
104 385
838 604
683 833
84 306
340 164
782 55
416 892
899 889
331 363
723 605
335 89
528 541
726 848
250 137
88 36
913 85
39 5
58 964
402 466
558 905
117 423
559 176
118 896
845 517
748 15
821 757
737 762
645 551
313 966
61 288
858 156
799 502
856 216
710 215
767 386
53 908
438 906
809 294
509 342
615 846
378 535
23 785
236 729
503 677
686 15
279 463
232 668
563 832
589 704
520 903
816 420
101 422
227 887
860 543
129 467
375 696
335 206
230 229
675 120
931 194
182 88
137 585
779 22
798 374
232 457
358 313
694 167
717 5
716 939
404 49
281 426
154 600
428 335
285 498
253 446
997 402
272 739
864 781
349 971
940 178
746 353
565 811
363 911
915 788
254 600
223 427
796 364
246 984
82 601
708 805
735 617
95 749
920 813
407 185
566 318
180 109
825 112
632 614
137 150
716 510
96 803
246 277
7 713
526 843
748 943
769 940
15 194
678 902
492 237
682 77
846 760
908 703
947 931
678 17
852 368
499 808
348 579
203 320
501 107
841 454
14 296
739 957
662 724
39 943
832 143
102 20
783 540
395 116
939 882
173 266
726 606
529 242
197 388
805 837
572 176
59 367
150 26
813 314
728 878
508 750
737 992
809 403
296 762
407 542
250 609
749 889
399 670
384 333
775 787
633 160
193 775
489 120
970 713
258 733
666 206
6 871
281 356
211 743
381 43
771 521
138 438
985 873
286 6
517 650
877 604
380 980
72 285
256 196
977 14
775 215
730 846
837 554
431 690
470 205
586 746
111 213
495 362
354 618
850 679
962 365
266 308
474 497
513 797
509 538
973 171
151 723
492 796
627 235
310 708
403 482
869 379
891 159
164 733
695 723
584 628
17 309
666 938
683 888
170 349
616 293
869 605
709 776
951 863
308 707
455 364
204 940
616 436
355 296
728 270
255 451
662 513
602 733
44 808
192 987
653 834
748 192
770 958
697 902
386 951
46 149
546 376
988 808
179 884
386 38
351 594
838 96
883 633
386 217
546 746
174 283
606 766
607 579
813 448
372 144
484 458
31 7
492 941
326 577
974 237
81 770
79 267
686 289
45 231
714 130
953 438
775 21
392 578
48 36
124 279
592 545
534 708
708 95
659 629
366 191
920 71
744 267
319 79
218 126
379 161
531 796
403 401
815 604
410 905
217 943
164 866
973 288
99 399
155 353
854 45
749 185
610 513
41 266
388 505
877 21
127 458
73 881
739 172
375 321
758 312
904 23
890 352
670 610
947 923
179 5
240 53
900 483
544 93
196 832
412 645
839 238
217 404
53 774
191 904
620 110
487 33
273 491
991 721
488 109
140 29
966 401
738 325
302 859
352 392
541 819
328 148
168 509
611 595
560 559
196 427
14 860
788 567
96 15
940 794
408 187
28 671
158 602
257 426
722 94
776 986
46 732
124 708
768 858
306 697
915 541
21 418
370 324
353 626
582 525
585 319
548 437
716 535
883 62
759 915
262 999
64 890
194 809
68 786
877 979
146 580
518 180
474 624
717 260
484 34
644 372
540 523
798 983
860 564
365 114
938 218
385 714
617 281
431 379
19 125
55 843
647 519
468 764
254 549
757 744
686 991
511 702
385 916
252 912
9 768
820 504
35 768
387 159
942 591
468 978
183 569
627 927
567 669
64 175
164 346
274 646
882 627
408 684
425 882
338 469
100 692
505 60
274 537
153 920
193 623
729 333
550 365
553 159
977 534
477 175
315 188
279 345
840 589
123 859
163 480
831 817
377 322
306 488
366 584
292 811
420 352
331 775
427 580
763 792
490 236
640 610
721 600
980 546
141 651
456 163
202 907
793 228
498 290
979 721
430 667
694 164
953 494
950 142
872 762
397 791
15 664
56 999
360 225
312 337
55 747
132 580
741 472
501 867
652 653
488 114
161 188
95 607
314 402
189 518
962 262
565 859
768 243
238 45
76 564
946 786
375 108
982 188
584 379
983 365
397 586
664 307
574 794
26 788
32 429
288 7
623 299
972 81
847 871
994 761
427 460
925 325
307 146
91 635
633 738
435 118
226 24
772 95
151 882
501 249
838 712
911 692
294 670
649 893
227 329
744 573
32 873
583 52
350 385
689 521
62 533
182 590
98 345
932 582
810 746
525 69
881 193
115 951
280 736
318 888
407 537
525 470
188 92
180 889
199 778
140 258
901 807
965 160
684 874
665 156
975 379
15 990
953 409
632 88
335 37
675 228
470 992
634 50
828 990
392 566
459 462
112 238
993 650
656 613
745 823
27 912
180 300
536 60
396 800
35 573
707 53
928 422
11 506
472 994
57 136
333 715
885 942
34 680
691 882
612 77
151 579
482 374
59 614
32 457
958 886
660 827
204 207
246 374
910 391
731 742
625 95
401 149
679 382
1000 645
472 94
860 945
437 992
683 904
469 447
191 689
936 316
311 428
631 871
84 218
13 226
987 923
454 444
383 110
899 193
352 658
44 696
64 6
778 398
563 108
514 440
236 380
439 441
4 394
504 188
945 365
28 647
311 16
203 255
707 695
64 339
227 801
376 101
927 442
859 528
533 991
277 17
979 939
679 980
842 465
510 291
719 949
171 643
211 642
189 979
371 968
936 137
923 801
690 620
489 373
738 297
773 212
854 614
531 577
474 114
132 540
449 688
253 885
104 756
76 369
424 978
761 975
906 182
121 956
289 152
915 188
707 446
449 466
609 883
859 363
825 175
934 379
627 759
699 706
333 576
928 160
503 176
92 402
187 557
273 797
964 686
579 777
709 858
946 572
838 630
74 643
839 459
252 648
91 675
576 513
278 473
523 766
753 927
850 55
807 702
377 387
412 646
622 651
476 497
597 983
869 850
799 655
127 669
951 576
74 52
610 66
946 64
106 997
97 748
25 377
270 612
802 643
175 391
179 960
97 95
6 627
499 351
585 226
88 390
876 423
900 120
310 261
495 779
281 1
245 752
984 576
414 359
384 310
385 99
159 150
604 424
733 204
186 113
153 360
742 26
133 556
860 241
972 539
958 578
894 304
495 463
777 620
228 202
379 252
564 620
603 398
877 547
841 533
475 819
4 571
809 930
464 32
678 559
555 176
194 615
82 514
378 413
823 993
863 758
777 223
392 187
363 592
980 762
877 376
868 239
428 824
985 397
283 160
704 999
662 474
142 229
236 128
57 531
577 196
999 549
984 194
741 371
183 568
790 512
592 263
630 323
615 533
140 333
658 142
71 359
458 120
520 243
539 177
616 540
247 896
568 735
682 646
495 728
836 740
678 439
939 921
407 194
656 145
700 202
59 178
123 693
874 341
140 913
713 81
14 910
418 815
951 507
124 523
15 852
987 399
662 229
576 358
651 372
413 921
716 854
953 636
277 606
318 526
854 972
195 193
430 664
487 921
279 909
565 696
259 888
881 627
85 523
198 704
871 580
198 962
769 316
117 122
132 468
439 760
299 77
302 988
854 281
774 916
588 461
147 241
864 621
543 631
711 529
735 415
347 502
384 636
739 984
354 422
542 309
817 746
838 924
986 163
740 502
303 208
397 299
734 748
584 272
772 457
441 607
759 43
603 227
598 111
502 48
251 368
605 833
622 865
861 759
315 35
832 483
939 569
407 231
959 522
339 661
588 992
848 637
782 896
17 250
199 790
457 499
918 320
611 174
799 583
586 400
821 727
53 893
457 92
258 151
316 385
159 86
931 676
7 550
418 593
4 886
398 683
205 951
540 400
12 25
178 369
641 591
352 68
741 982
693 3
743 8
447 607
311 223
805 933
658 560
519 763
666 93
225 315
903 344
870 149
513 294
351 718
303 891
580 266
998 41
230 135
267 139
197 966
702 829
519 409
11 142
251 517
915 575
149 276
133 767
262 29
673 922
232 182
655 542
342 303
141 912
885 651
635 616
891 450
232 197
163 569
916 473
99 695
925 149
266 306
195 360
812 745
389 72
686 822
601 586
431 333
242 260
722 762
85 202
584 743
507 168
554 451
352 855
494 406
522 805
136 120
155 308
265 340
599 305
674 1000
783 190
753 97
900 122
367 765
688 660
963 538
452 38
62 247
610 861
351 809
985 231
127 740
293 224
848 601
387 103
226 197
523 947
726 670
583 3
22 666
307 316
201 769
204 652
481 497
672 326
533 651
965 133
886 451
634 408
176 720
563 924
970 934
790 133
663 393
22 115
153 192
232 584
248 194
328 378
33 553
827 128
439 94
97 419
831 840
707 694
279 497
407 572
690 440
267 457
162 737
789 324
811 660
885 299
776 849
525 330
533 847
789 181
497 583
632 6
315 306
376 836
289 851
73 740
828 524
405 813
559 908
12 577
971 808
128 78
937 1000
239 64
480 593
7 117
52 421
689 102
195 434
695 333
788 81
492 828
444 464
986 470
830 351
9 191
172 17
932 871
111 344
207 921
99 288
320 563
686 850
69 920
199 935
837 814
794 654
916 723
762 595
869 669
427 390
88 702
341 84
968 674
222 329
528 790
472 140
517 66
761 522
152 990
501 271
617 964
620 315
199 952
772 16
421 462
378 941
160 360
126 519
731 995
37 62
564 302
444 160
517 372
532 871
896 183
773 539
888 609
814 329
945 430
927 586
931 751
163 377
266 626
771 729
209 722
24 512
496 589
978 321
615 948
687 283
853 527
675 355
583 410
399 675
36 175
594 881
116 477
870 683
305 186
16 819
426 670
484 869
43 411
794 369
834 696
447 373
51 948
684 846
474 309
129 150
572 702
993 983
615 376
506 898
177 674
896 176
276 210
205 20
838 494
973 8
751 249
1000 243
104 968
765 429
981 757
985 754
542 39
877 836
713 675
626 196
592 956
666 279
726 171
127 24
359 3
342 393
288 108
109 322
498 565
27 265
377 700
126 833
109 141
97 589
852 971
799 844
377 301
766 817
628 818
311 614
973 693
529 489
329 259
113 436
994 23
353 133
429 808
835 829
303 883
487 246
325 215
198 111
787 574
737 767
44 641
923 142
767 399
308 842
478 414
671 693
103 55
88 500
755 636
22 15
867 586
707 737
139 266
965 57
289 584
438 171
738 485
645 855
941 192
432 746
144 356
874 270
874 116
311 918
149 142
641 46
314 190
933 545
307 683
234 393
484 113
211 923
911 476
122 729
232 121
986 398
309 155
238 51
4 687
765 675
65 911
946 784
129 702
313 329
29 157
627 686
442 962
891 101
143 314
320 281
322 427
517 410
207 484
562 565
139 844
895 702
875 454
639 545
757 950
973 857
444 105
544 135
999 985
411 144
823 815
827 552
722 883
353 161
669 529
563 18
835 793
675 588
791 291
343 970
714 170
606 84
572 220
790 271
295 935
847 330
871 252
799 471
763 991
474 774
861 186
607 330
165 739
278 962
211 29
823 354
951 307
538 254
478 517
269 534
919 673
873 374
874 217
582 286
767 790
611 441
765 390
245 600
563 577
977 353
334 230
906 815
983 207
654 981
841 754
768 853
183 391
974 438
435 72
906 958
979 604
267 872
651 974
893 175
57 29
773 319
460 243
315 981
635 984
797 425
854 314
323 318
453 943
920 780
834 942
431 332
324 924
57 255
111 436
705 699
977 958
449 101
181 678
593 366
534 280
561 187
263 832
109 196
687 861
563 291
394 768
839 118
17 443
378 943
613 581
887 362
321 845
88 112
530 123
19 514
973 893
978 937
287 449
839 148
217 445
420 230
866 18
23 75
80 643
11 515
119 519
641 904
70 898
328 413
753 684
170 924
687 145
671 764
504 190
781 108
966 424
879 889
736 505
917 668
295 728
780 64
304 373
941 688
303 521
658 520
550 570
573 379
267 456
883 408
46 340
158 882
486 175
162 337
883 265
59 987
99 790
444 663
858 585
726 907
349 622
632 118
760 939
101 221
410 658
894 282
458 970
93 617
556 135
85 681
894 357
384 872
4 577
132 542
793 508
246 916
603 469
825 979
630 782
61 513
564 524
981 720
522 82
532 206
971 486
254 742
204 15
901 511
33 76
964 529
267 707
716 434
590 495
226 674
118 508
798 664
878 426
753 44
905 214
568 120
844 477
701 292
494 546
443 540
562 618
264 185
728 382
142 190
62 967
271 478
330 934
388 282
65 435
174 783
213 875
804 642
662 544
353 376
210 547
429 963
781 174
982 529
899 63
44 670
837 897
746 512
620 105
583 375
329 64
167 243
373 151
359 100
966 404
538 135
23 845
481 254
664 457
892 996
719 251
956 265
685 325
903 274
617 535
227 863
315 1
49 188
217 854
732 151
120 247
50 734
767 959
2 669
594 35
133 677
280 103
694 78
438 264
157 729
187 20
106 686
850 300
698 500
459 392
975 960
941 560
319 108
216 643
747 865
217 750
471 289
142 649
155 544
686 764
907 753
940 651
858 97
363 709
34 895
863 752
523 840
347 609
786 789
237 53
19 126
204 130
332 463
523 574
821 829
459 980
112 629
326 260
227 865
114 738
481 749
668 55
991 825
320 173
348 635
990 958
921 725
667 457
995 964
265 589
131 502
736 724
737 653
465 834
212 73
345 896
912 271
161 797
350 315
300 532
325 617
451 640
389 946
936 20
157 814
710 90
839 898
990 506
956 190
360 574
763 684
158 680
694 494
841 106
242 655
281 227
282 332
253 231
258 757
607 820
659 867
91 357
206 86
922 399
262 164
638 117
822 108
845 773
119 544
248 703
323 39
167 646
366 139
99 524
264 727
158 247
811 605
91 176
726 772
613 568
774 45
372 655
377 803
157 37
383 826
858 210
825 11
989 776
498 229
290 18
7 551
433 930
217 891
661 486
129 701
420 819
62 77
588 173
186 74
924 239
153 620
89 34
713 952
331 45
27 276
543 804
592 493
394 877
736 914
448 902
672 94
353 319
471 802
625 146
473 174
844 372
791 863
743 582
209 939
652 527
107 224
90 839
456 552
697 622
292 438
135 552
127 222
545 546
663 246
259 212
408 570
575 986
248 313
374 649
782 672
947 400
844 824
962 899
814 96
943 580
270 962
107 300
70 432
332 731
515 197
228 584
49 107
413 970
354 749
749 774
932 314
315 593
701 611
337 176
484 417
755 998
77 302
854 678
500 651
410 703
858 485
784 384
221 438
637 71
124 382
161 236
34 82
398 290
259 811
244 969
972 771
6 423
299 427
565 956
337 823
823 628
612 505
761 929
958 197
798 68
673 107
632 402
346 885
275 179
852 703
669 31
803 841
346 740
455 74
96 963
88 187
874 930
571 910
473 159
75 127
853 68
801 489
734 345
694 846
807 663
435 559
507 633
680 661
364 166
628 875
934 798
520 62
994 109
761 334
814 448
852 883
815 105
230 571
199 756
239 827
443 846
761 319
390 971
377 198
784 770
657 20
272 54
273 259
199 538
865 218
249 877
861 14
137 858
373 468
311 218
395 30
179 647
715 969
898 171
2 916
67 678
270 841
550 997
555 907
439 894
906 881
361 22
966 629
825 647
292 588
647 202
297 978
63 771
699 795
920 220
59 696
449 516
485 206
75 664
91 75
149 423
262 910
393 973
789 172
255 841
590 210
886 677
461 294
93 926
781 775
708 889
450 25
927 537
384 695
792 308
708 904
394 624
416 24
327 466
535 873
220 802
830 447
613 821
338 937
575 457
553 623
865 713
166 182
919 492
373 850
838 644
730 277
644 69
818 116
666 573
995 939
421 845
13 178
740 411
703 273
38 335
705 194
173 428
763 308
710 349
930 949
130 481
923 164
687 199
563 77
729 373
24 915
650 843
978 684
740 851
923 341
293 402
802 670
615 142
533 542
956 155
615 950
780 73
747 6
861 18
865 87
196 40
28 789
876 561
845 574
304 949
538 934
968 471
36 399
720 680
629 776
499 239
367 449
897 126
661 13
261 511
396 902
953 327
643 151
450 347
108 867
888 414
963 326
994 464
445 596
926 157
68 685
950 773
129 551
591 531
384 76
355 859
82 513
949 85
935 38
795 627
958 157
464 321
875 447
750 35
992 732
609 865
792 447
721 367
151 900
561 710
670 416
484 659
857 351
694 570
646 441
557 786
852 614
600 726
446 723
263 907
788 448
839 424
821 941
758 280
425 84
812 864
616 353
624 914
293 213
98 111
61 89
83 641
670 749
227 542
801 514
934 806
682 263
867 257
687 106
598 403
514 460
933 406
862 4
154 463
49 275
748 411
197 427
399 995
970 109
153 781
581 309
874 449
912 46
328 293
475 438
844 789
229 103
997 517
118 726
785 449
14 909
58 261
554 654
337 314
504 469
286 269
470 853
491 561
889 998
546 385
604 399
641 435
660 393
538 813
387 795
580 160
484 285
453 518
572 604
206 966
484 236
746 219
416 388
695 262
140 248
94 871
295 180
870 538
63 168
500 598
765 478
169 751
589 144
147 133
310 979
902 247
688 175
981 467
837 962
270 381
237 246
584 473
207 930
178 32
794 791
65 909
542 425
432 764
877 806
952 387
860 532
773 251
649 421
838 915
791 523
95 910
464 700
542 331
95 659
807 797
868 285
869 548
543 807
30 910
551 280
754 356
352 940
316 207
9 188
420 893
294 658
446 553
271 551
804 731
255 132
719 488
782 822
790 269
645 518
460 844
942 440
763 621
305 917
870 942
943 982
684 550
546 707
413 600
196 344
241 881
59 64
375 746
11 933
448 601
666 203
315 299
228 984
10 279
619 281
115 70
243 61
859 839
310 157
883 77
388 575
810 866
82 276
67 120
603 346
915 966
163 941
204 263
702 514
121 827
582 728
949 235
175 564
575 246
831 88
377 943
433 973
855 838
142 791
89 450
276 601
557 696
389 198
82 856
104 288
730 28
806 153
665 879
812 522
815 77
835 443
195 536
223 940
400 432
520 449
26 534
191 556
527 134
415 632
861 728
790 604
20 737
114 954
302 149
72 678
168 89
900 298
739 258
724 438
799 548
959 873
36 976
735 854
597 785
853 647
532 940
990 288
939 994
887 936
213 649
182 328
130 175
3 327
187 34
480 40
182 251
665 211
331 963
688 230
120 110
559 515
197 790
112 754
480 374
614 169
816 240
599 735
840 246
713 328
129 143
298 526
64 996
928 649
628 57
48 120
8 951
6 102
673 955
821 355
604 149
785 981
271 838
475 811
391 553
341 910
990 680
753 454
792 134
42 301
204 944
190 253
851 677
342 40
570 775
417 567
261 94
669 113
358 774
180 34
232 447
455 152
220 803
204 152
46 900
298 213
100 857
425 904
242 438
688 548
411 911
801 283
144 514
271 427
554 53
574 48
23 282
26 618
27 223
877 161
594 84
94 149
866 210
830 873
725 29
826 912
667 412
286 858
322 691
71 268
843 383
40 96
836 652
140 139
515 977
2 164
442 431
818 775
746 657
382 221
458 775
149 804
396 323
455 800
704 212
228 690
157 618
712 767
750 795
714 341
620 468
989 205
828 717
785 518
779 247
223 782
684 268
975 319
817 181
787 551
819 428
440 640
610 94
484 201
72 743
584 23
162 85
453 690
238 312
76 435
367 255
276 221
647 446
427 27
599 961
350 673
389 505
700 141
285 994
393 1000
937 747
920 983
902 155
461 457
284 326
649 392
152 752
227 148
502 782
108 657
734 613
540 806
247 254
85 143
69 778
873 265
847 831
5 462
616 211
29 472
752 275
952 181
894 521
990 813
458 130
723 754
544 15
675 887
572 469
296 200
717 48
598 289
372 726
801 449
71 355
364 239
126 338
222 213
260 946
134 927
672 274
781 208
175 321
890 246
107 151
479 845
855 139
431 269
369 656
157 955
853 718
219 750
143 788
628 578
990 361
636 448
715 662
586 90
519 514
448 975
658 590
715 515
235 371
775 805
780 253
68 191
809 513
586 911
129 70
59 773
478 985
281 259
817 209
816 415
548 327
443 110
390 489
889 711
85 766
252 129
306 809
570 106
402 680
403 129
774 144
300 271
547 790
767 691
523 225
561 950
502 584
622 297
272 903
39 3
41 379
15 42
935 236
138 931
801 225
714 642
347 992
146 470
276 565
581 114
152 321
416 944
165 219
147 832
721 475
504 745
526 252
887 792
922 617
988 148
316 906
913 154
587 79
408 347
170 645
639 435
329 316
166 473
260 918
66 581
287 383
70 5
625 498
939 872
173 260
249 998
32 588
182 498
112 410
149 747
61 463
615 872
842 196
435 678
330 432
519 614
79 31
413 599
737 107
650 610
577 514
780 225
764 322
90 631
287 947
549 428
509 127
337 756
516 699
684 325
462 431
763 936
586 931
290 228
436 563
353 588
689 426
485 71
512 365
682 693
555 577
851 426
144 938
41 982
812 455
940 140
265 156
229 211
17 995
200 423
953 239
368 569
25 572
389 35
950 716
510 855
593 65
246 681
1000 93
380 295
697 99
437 344
864 764
133 191
373 602
484 709
892 202
948 84
513 561
471 969
311 788
818 678
367 648
302 585
740 357
92 788
863 121
406 362
9 684
1000 537
216 40
400 351
58 791
406 453
107 206
288 484
681 115
990 7
988 809
783 638
382 855
143 991
740 953
687 952
38 382
568 522
400 908
850 396
852 450
417 591
491 986
554 692
841 488
767 166
201 321
555 894
404 802
683 586
842 793
383 574
779 907
376 840
49 230
732 61
751 259
664 773
629 931
577 776
391 778
323 80
570 435
533 45
578 966
420 183
216 827
617 31
56 932
1000 145
557 360
86 832
403 38
821 397
659 345
552 775
720 153
960 936
388 193
116 718
484 874
15 98
682 237
424 757
26 841
355 31
621 488
90 336
511 640
369 175
619 715
826 286
647 831
501 267
193 202
168 178
915 383
365 395
829 477
423 684
193 379
213 872
668 589
850 616
283 406
601 407
966 233
736 698
58 922
184 721
830 584
546 951
710 226
269 1000
509 483
532 937
828 121
171 806
671 733
448 885
323 611
567 924
698 622
706 972
176 847
603 936
14 951
698 972
935 809
439 190
477 359
872 855
282 375
28 791
406 977
31 481
99 321
482 331
957 799
67 277
267 215
695 143
536 300
310 171
958 583
387 846
766 224
254 980
6 67
172 863
898 936
566 455
841 536
493 277
774 68
152 467
757 471
134 167
561 905
661 350
833 521
464 436
617 370
302 820
85 428
268 892
587 614
401 421
703 68
319 847
964 624
198 896
142 972
679 223
21 977
351 62
816 519
752 389
734 757
852 346
943 525
895 514
472 108
735 213
113 334
919 498
522 584
421 226
752 355
148 990
147 517
539 263
339 877
654 244
307 459
521 172
516 253
281 221
947 155
325 211
3 574
645 544
649 549
939 320
168 161
335 63
600 164
28 597
413 705
465 419
182 390
954 487
794 12
597 697
206 187
409 987
637 749
672 991
358 470
591 193
775 949
499 92
888 782
286 130
861 278
292 567
426 513
7 92
211 577
106 297
445 109
676 669
769 21
347 1
486 834
651 73
101 18
564 734
30 22
704 448
751 168
509 813
550 194
977 27
155 995
101 99
319 60
323 185
8 735
616 623
637 130
909 313
971 466
989 773
485 486
672 105
453 531
125 560
678 814
312 473
611 281
78 965
134 572
599 296
929 772
814 723
327 37
794 33
523 684
636 787
710 855
450 656
108 404
880 325
75 37
203 488
317 96
835 767
88 920
934 241
942 732
209 936
880 35
93 266
391 447
238 655
269 43
899 120
684 770
49 317
505 339
328 500
443 5
338 213
654 413
241 998
257 857
478 521
750 865
628 325
46 316
115 758
658 706
811 885
477 448
63 923
381 295
302 205
676 802
436 527
505 455
609 257
917 56
849 274
639 364
742 39
745 193
879 394
680 537
439 565
704 682
256 815
102 721
289 916
938 491
233 813
707 170
449 686
910 589
911 316
824 398
480 519
215 123
1000 207
85 499
329 929
539 786
336 183
686 827
428 735
947 633
765 706
33 137
199 284
769 573
357 707
504 137
34 533
695 808
584 483
422 148
216 340
597 362
688 570
946 530
928 9
178 1000
333 952
378 35
584 970
98 260
717 530
192 931
155 41
129 560
805 447
40 247
437 795
496 489
848 606
135 760
887 279
598 366
946 199
676 428
827 584
735 963
3 26
810 406
114 779
170 521
500 272
554 566
88 146
420 113
217 202
601 340
31 857
178 447
399 805
876 441
993 115
580 437
227 807
945 240
231 791
380 563
110 668
951 62
154 854
395 96
346 510
918 796
372 270
625 938
916 318
154 616
85 708
926 394
641 106
552 603
238 290
383 799
280 190
959 326
524 481
207 811
752 990
147 334
684 223
565 876
954 530
401 559
829 935
479 882
464 457
542 84
324 621
716 351
754 145
186 522
281 822
801 63
55 892
574 980
521 168
902 991
191 364
744 974
528 779
708 681
201 629
476 681
645 152
994 298
978 871
945 58
430 270
235 850
623 591
173 739
520 78
244 556
886 151
62 501
959 585
598 283
507 518
473 922
809 16
4 310
117 459
665 846
236 865
999 797
472 350
606 129
958 453
83 909
83 452
408 626
197 69
35 310
492 210
475 431
628 671
573 298
154 136
616 851
799 312
639 57
418 773
443 186
7 341
746 945
732 252
510 246
537 506
97 307
461 818
614 248
392 775
353 538
707 951
505 839
402 563
93 728
99 903
975 686
82 331
219 110
87 755
590 19
174 710
261 269
565 735
252 238
491 676
408 11
834 752
997 132
266 356
214 150
65 510
56 816
489 670
752 379
854 960
294 811
246 615
670 133
582 945
696 768
649 398
617 258
66 8
765 650
868 149
796 346
925 587
950 780
449 33
892 243
51 277
735 327
442 922
43 649
356 592
711 222
53 464
311 716
758 287
886 832
619 583
122 245
395 689
788 467
644 36
645 269
387 21
482 141
528 533
107 248
1 651
364 233
572 326
511 106
26 366
706 668
602 605
488 948
2 279
495 742
870 566
17 886
304 467
30 189
250 371
202 510
162 121
188 189
435 588
25 972
335 175
323 751
305 72
604 356
435 765
188 899
887 771
603 548
876 528
128 894
224 983
907 196
196 5
533 130
996 556
216 982
79 801
90 947
418 122
827 282
557 141
280 71
637 447
215 9
399 326
974 462
853 266
923 924
48 370
926 176
638 294
551 832
453 805
55 529
21 673
299 599
8 507
949 5
570 842
721 174
315 829
630 115
69 970
360 194
949 438
864 722
241 260
986 416
397 724
750 194
881 433
977 998
483 109
484 690
839 504
274 432
367 743
61 920
191 565
657 881
142 203
683 384
166 253
817 551
1000 575
361 823
322 471
696 344
678 152
293 246
889 361
84 205
514 572
531 390
553 450
420 207
410 37
946 306
984 861
540 383
852 57
681 311
420 429
205 945
316 270
585 211
913 740
148 567
560 543
961 752
746 870
432 482
106 217
519 533
241 886
349 355
22 331
81 909
797 975
484 478
995 259
693 654
344 667
489 96
788 652
839 640
110 624
805 560
884 31
561 20
745 311
67 351
893 983
463 911
441 374
684 470
133 616
210 333
539 982
183 386
977 501
405 900
779 187
157 227
954 943
328 158
471 372
574 735
462 228
834 824
263 520
17 626
648 839
756 533
726 357
673 111
751 877
534 892
251 205
375 510
360 845
969 865
986 129
355 114
764 270
530 338
786 232
532 388
626 491
147 862
83 716
248 669
527 131
587 412
773 86
424 525
189 88
265 568
882 547
874 723
252 815
962 552
420 227
232 943
395 935
399 951
588 736
455 497
230 281
130 486
88 258
344 940
71 587
849 689
276 948
762 334
67 908
927 274
179 538
737 4
455 825
954 247
794 69
559 711
743 42
808 362
306 427
788 539
443 270
121 408
604 451
348 129
920 258
789 209
832 734
971 849
453 586
555 542
348 304
702 707
774 399
548 409
327 187
807 444
276 196
137 282
506 987
254 521
220 617
149 419
29 909
945 524
952 352
347 278
523 299
657 765
413 415
164 795
972 946
858 57
312 989
699 731
86 422
800 882
506 415
895 667
437 555
671 199
138 712
17 265
98 212
668 40
209 725
763 234
47 157
344 76
252 621
592 274
259 485
236 76
301 1000
1000 631
160 366
775 78
391 809
619 888
141 74
288 514
877 448
599 778
279 220
128 710
697 795
899 435
477 67
499 695
154 102
887 536
732 991
399 824
420 485
690 455
853 521
903 693
808 287
166 848
336 903
633 247
598 823
984 583
37 717
836 498
177 506
141 671
988 6
917 14
51 954
427 117
842 591
974 64
99 902
579 368
906 992
158 13
361 135
56 979
510 544
497 839
224 665
958 980
688 40
119 456
104 959
641 929
879 50
702 473
508 120
119 377
746 389
674 102
380 139
143 153
327 652
792 229
324 578
143 14
961 355
65 854
48 516
32 409
693 92
42 46
378 134
216 341
895 703
313 161
623 396
881 101
213 40
951 878
311 719
178 410
743 712
100 606
193 212
109 792
169 67
529 483
109 937
257 544
819 277
203 300
540 439
424 47
45 577
620 59
805 199
420 59
791 20
593 885
409 270
551 224
488 660
706 216
18 522
917 622
3 226
352 448
574 56
13 261
254 427
410 275
426 909
417 629
845 589
224 121
410 386
563 760
451 306
125 311
434 572
552 359
516 706
797 923
854 852
867 959
656 340
100 329
324 369
42 718
722 348
962 495
637 47
877 512
694 990
498 143
102 533
703 138
61 580
133 55
650 227
601 631
798 827
660 345
368 766
510 905
596 830
815 540
13 578
971 306
498 960
635 129
70 700
397 292
548 996
75 86
994 352
132 23
260 883
781 271
235 797
249 137
255 423
611 215
634 28
624 90
680 988
992 990
993 395
166 559
683 723
596 208
745 762
878 370
50 204
127 974
608 141
44 498
70 652
451 496
419 110
738 631
297 590
905 911
555 482
139 159
272 380
71 644
963 506
874 195
804 234
509 124
594 194
7 45
854 880
966 514
309 261
940 105
413 231
965 458
94 948
21 482
793 377
336 508
523 32
543 429
418 270
510 632
812 450
377 849
176 292
416 275
324 740
993 755
102 940
46 873
761 465
91 768
497 43
278 525
872 11
751 797
829 611
370 339
373 551
998 846
86 602
825 260
12 601
117 546
317 416
389 851
84 413
536 960
905 269
1 851
435 90
271 448
772 59
207 454
796 161
265 575
378 912
71 151
496 491
4 348
351 935
279 74
317 243
389 646
598 364
247 630
376 288
427 978
583 137
288 598
988 511
206 420
780 467
657 408
287 237
951 282
258 485
32 892
49 424
693 975
491 991
534 145
457 835
370 740
698 448
767 163
27 485
680 357
935 919
628 347
404 813
850 173
68 242
860 118
681 331
336 698
60 74
606 159
159 362
953 161
453 585
755 969
702 704
498 354
506 873
927 849
50 647
380 898
309 394
493 413
77 94
573 825
722 149
929 277
161 131
806 765
953 159
555 319
369 352
29 908
108 907
682 950
241 302
521 460
1000 45
502 436
398 498
971 412
399 95
332 82
117 996
578 278
416 29
18 321
937 429
114 278
385 790
905 79
321 144
360 938
624 599
696 68
489 842
517 58
611 339
367 681
778 450
329 526
857 96
616 409
446 538
984 12
382 999
37 136
719 428
26 187
836 648
897 516
861 843
623 924
990 369
115 601
900 665
995 541
979 128
391 278
619 153
755 617
899 451
847 441
207 30
268 178
567 782
377 942
791 217
329 872
926 699
214 889
287 999
749 824
788 568
625 874
447 749
528 149
476 99
257 417
205 299
758 697
707 953
745 270
618 4
391 986
305 42
372 403
395 127
58 174
815 948
214 293
806 288
345 442
152 552
238 431
241 948
829 856
651 780
216 649
787 316
314 968
155 550
542 438
803 550
378 320
460 131
962 972
29 178
530 505
125 553
605 53
836 445
482 310
228 310
631 240
969 824
161 747
551 482
517 30
666 888
591 941
170 395
264 204
748 972
895 527
473 218
597 145
69 552
911 859
678 114
131 141
321 783
756 236
74 449
79 880
724 379
134 915
50 86
343 689
1 570
365 719
719 384
991 687
973 912
527 689
771 91
757 110
649 159
225 257
309 925
375 83
707 742
546 696
286 487
913 655
130 147
282 342
605 76
384 234
849 410
723 385
694 259
242 709
426 524
870 451
817 213
214 615
633 456
115 30
129 89
834 560
263 256
214 470
416 409
287 654
842 755
845 144
242 935
557 284
685 871
263 401
360 38
254 582
94 763
220 594
518 137
759 767
945 587
90 66
825 670
815 686
980 640
817 657
365 77
238 165
609 791
344 376
65 468
754 191
549 720
643 535
717 922
296 394
276 672
27 234
195 825
709 794
322 418
765 910
269 361
606 402
436 430
754 353
169 45
914 217
190 757
819 231
991 493
919 128
614 792
279 33
598 321
527 847
641 820
878 561
451 725
359 452
786 326
178 303
588 766
773 604
892 873
447 865
289 908
550 646
734 163
130 85
822 22
97 46
685 485
226 394
818 198
552 38
145 624
311 7
991 929
408 478
374 941
617 109
31 132
514 126
185 556
332 645
404 427
984 512
141 597
404 249
97 377
741 688
120 198
752 964
977 346
984 862
803 418
51 694
96 302
931 720
693 479
108 785
901 738
744 281
806 144
125 798
626 805
517 914
183 807
581 539
345 355
560 266
190 85
986 28
952 570
327 484
133 187
800 872
123 3
530 449
363 528
34 528
699 517
995 215
29 491
503 340
341 41
808 562
806 237
964 434
41 421
857 664
70 808
774 836
471 811
330 909
477 810
339 697
726 807
245 445
485 987
514 623
37 2
38 293
779 849
652 545
567 662
917 963
754 615
503 1
818 56
946 85
766 594
533 659
425 706
857 550
822 627
235 183
588 625
165 640
957 676
961 545
491 990
296 704
978 484
429 412
927 429
35 125
718 290
371 181
797 977
923 538
824 881
788 660
167 761
881 977
951 217
384 65
662 276
466 94
812 129
7 161
101 198
447 430
305 449
381 182
536 323
883 44
594 457
354 802
104 837
33 479
492 724
953 158
973 99
780 709
957 149
324 729
55 603
288 17
229 836
892 4
581 157
263 767
643 689
934 368
511 759
683 176
483 876
13 214
997 464
692 386
434 398
253 828
364 851
644 301
968 696
77 626
557 808
173 883
601 840
927 396
687 894
191 591
675 862
187 824
986 901
952 781
607 55
130 729
791 812
739 71
353 256
5 759
109 963
5 536
448 171
715 431
819 509
116 263
360 968
379 991
982 778
452 769
288 738
539 473
253 956
926 553
283 569
6 864
70 355
842 280
439 186
576 484
546 516
976 681
998 30
429 273
512 523
201 498
384 190
205 298
730 292
10 296
447 381
204 758
189 790
480 646
981 15
465 86
637 408
360 444
632 264
190 416
46 964
698 511
775 273
483 263
530 724
471 318
437 506
384 762
522 616
243 391
760 539
248 755
263 594
216 569
603 167
132 287
463 751
764 82
86 66
547 556
917 786
55 861
886 933
240 82
27 400
997 500
688 789
18 53
146 126
504 898
123 440
697 377
754 378
763 808
314 553
50 373
770 602
681 173
865 600
905 469
320 211
654 248
255 397
916 819
539 136
500 292
503 723
586 357
969 739
771 461
226 372
999 147
47 262
784 832
53 913
387 325
233 449
31 786
931 768
125 154
879 958
809 444
918 14
410 273
178 44
469 818
55 57
679 931
959 354
279 561
447 691
693 695
675 404
465 218
477 504
480 324
278 651
462 84
889 1000
653 469
729 791
713 186
327 814
571 52
241 681
58 97
149 150
941 474
870 448
232 308
569 603
600 102
384 9
684 124
929 355
894 341
876 832
608 174
898 574
648 725
793 268
137 336
216 759
108 957
971 633
953 214
774 36
530 568
473 377
492 435
938 277
6 333
817 656
801 11
103 951
933 542
839 788
446 130
895 306
412 3
157 85
714 655
754 188
369 154
299 755
561 740
969 303
324 838
808 599
900 680
282 930
584 978
8 96
423 739
173 716
516 78
5 719
135 656
62 948
838 337
469 402
416 514
438 579
240 966
886 266
690 216
502 346
965 850
785 344
987 806
308 903
4 408
705 560
774 779
979 187
107 404
571 261
594 926
371 299
244 219
392 996
338 96
429 439
415 228
932 466
326 961
789 311
628 321
370 416
885 463
963 847
581 966
624 970
522 436
667 677
542 819
121 739
837 765
505 892
271 763
661 79
228 804
929 271
949 836
953 129
741 482
103 757
17 998
289 25
553 820
419 650
24 218
209 290
318 412
925 108
945 630
621 733
650 133
720 65
920 643
541 45
228 376
804 801
915 392
809 653
160 31
104 437
639 751
622 923
914 48
553 752
4 56
528 946
691 286
88 969
603 558
131 183
333 773
672 113
30 895
167 610
368 216
991 448
481 415
952 592
992 525
918 357
973 966
23 67
733 314
239 689
663 19
670 969
657 414
435 536
260 661
118 737
379 931
455 826
336 926
64 685
713 16
384 292
704 381
263 20
457 931
736 898
907 1
272 455
591 369
774 307
354 944
410 720
211 637
747 607
620 743
90 886
306 795
682 658
332 799
208 277
669 440
172 880
300 317
297 14
398 838
485 28
551 948
864 960
742 6
428 409
447 143
233 759
734 849
162 465
760 512
906 188
703 631
178 727
86 948
103 878
111 355
494 345
80 253
778 370
213 319
160 165
949 491
860 730
455 150
682 214
539 611
77 736
522 895
542 378
85 245
530 290
35 896
899 619
39 292
759 117
597 266
389 949
484 629
970 444
330 863
792 584
687 889
142 134
145 98
991 407
776 220
299 985
319 682
216 9
500 449
193 495
122 447
966 226
434 979
967 319
938 579
527 567
269 995
880 254
697 792
165 722
774 832
352 295
409 160
546 803
709 277
983 730
286 638
931 871
653 190
46 414
322 990
269 709
788 587
519 677
84 708
984 586
343 345
435 786
384 256
993 780
386 466
615 141
376 250
234 248
436 604
2 738
719 915
709 723
44 105
102 947
506 792
125 114
592 617
292 456
974 71
498 388
651 32
506 907
379 395
215 97
975 603
155 794
135 352
122 504
380 23
453 845
458 889
612 346
719 550
69 287
480 997
440 502
142 695
404 687
661 345
39 21
721 70
795 731
479 850
116 696
949 94
454 532
985 635
320 616
87 143
307 786
218 379
75 478
428 818
752 442
270 53
701 495
944 349
152 916
182 986
639 679
655 386
130 523
459 861
109 302
374 104
341 337
913 176
737 532
221 763
829 508
265 629
911 714
438 612
240 987
614 717
298 973
834 453
371 421
140 214
144 145
37 170
465 971
192 141
268 114
607 345
45 864
529 147
657 358
219 533
366 740
607 494
314 771
81 532
46 442
140 907
942 63
288 771
461 833
818 258
803 170
97 339
263 92
695 121
702 783
632 71
831 617
499 208
962 712
306 848
418 118
20 934
239 18
392 973
997 962
85 760
466 906
267 839
698 33
853 958
242 933
3 833
333 506
25 953
209 180
584 392
680 891
593 206
632 404
375 240
910 741
267 549
531 752
933 646
901 127
599 193
929 61
198 730
570 825
542 725
913 481
713 983
373 438
609 389
649 49
346 699
130 976
820 423
969 939
472 239
545 984
108 32
770 575
693 690
554 134
353 335
562 701
212 6
651 932
540 196
926 821
32 979
622 568
145 340
12 358
41 779
23 175
761 148
879 876
715 711
956 235
260 690
582 117
585 215
352 94
975 46
478 754
135 855
598 771
323 719
861 83
20 757
984 514
880 627
241 763
992 29
59 950
352 188
676 815
91 345
20 971
662 270
441 378
812 159
650 334
799 1
452 286
366 828
12 550
271 875
682 590
811 878
764 435
464 83
6 209
360 4
734 890
327 704
684 135
675 213
640 485
643 966
309 198
312 86
220 935
223 256
561 549
647 205
216 498
937 959
204 115
373 548
48 975
160 9
56 458
592 12
296 473
28 48
668 825
126 823
17 289
18 122
936 433
903 959
777 511
51 108
963 516
820 443
324 310
142 171
753 1000
807 655
408 977
84 382
172 52
201 702
113 410
41 69
978 926
500 494
942 765
725 243
435 381
992 526
706 704
429 871
377 206
348 857
700 422
849 804
672 719
286 515
344 944
10 101
477 236
61 493
121 862
88 437
643 346
624 295
127 892
148 471
771 401
115 924
7 364
465 317
24 716
693 750
395 103
988 62
992 57
439 886
46 716
858 606
840 253
417 284
932 725
789 44
764 900
926 399
475 947
133 729
405 932
894 658
162 187
284 63
263 802
208 165
46 793
772 567
355 807
851 682
229 834
820 859
323 261
115 664
271 109
642 659
167 140
797 53
949 490
203 248
129 765
873 576
567 637
622 965
159 969
511 654
810 51
773 77
652 786
190 849
782 181
360 572
806 15
420 990
810 194
425 96
388 380
818 761
970 268
549 253
442 741
479 322
743 561
657 206
714 777
718 977
293 138
97 793
350 437
904 865
782 647
516 150
387 474
796 934
287 317
243 614
921 403
232 798
179 973
954 461
940 744
98 647
504 82
68 307
965 75
857 594
396 378
71 696
780 208
935 948
349 679
331 996
111 861
565 56
372 367
547 517
673 638
870 865
86 533
716 948
112 868
258 520
134 127
724 619
928 684
253 429
73 543
510 548
707 216
466 566
124 446
108 859
472 846
136 837
258 810
35 723
808 944
759 645
778 388
263 588
814 903
547 577
915 229
223 227
688 409
928 360
657 622
565 109
363 589
512 431
460 269
319 730
472 195
697 270
707 302
147 813
524 498
726 899
854 180
736 911
933 811
79 128
792 677
248 729
763 138
322 460
507 584
930 531
933 188
353 290
800 239
178 143
623 735
493 518
866 96
829 108
380 641
641 862
625 463
329 154
109 291
166 519
795 469
841 311
74 174
827 996
615 893
374 725
68 384
912 38
554 743
491 357
462 184
390 693
653 241
305 67
508 590
515 208
131 731
667 957
390 324
840 473
510 279
205 379
907 251
728 556
140 746
860 57
77 257
922 404
600 26
839 385
950 46
901 634
245 876
219 65
937 814
873 220
485 270
731 42
110 149
475 872
775 375
621 759
693 154
345 260
273 551
971 456
388 240
337 664
820 787
877 798
971 345
75 364
555 38
649 429
27 449
959 200
686 912
703 619
655 195
821 247
570 937
420 560
772 301
22 708
114 349
490 956
878 363
208 681
136 470
102 870
925 714
48 770
549 686
911 779
53 575
302 909
458 161
39 636
453 305
619 550
305 594
895 957
858 314
95 638
792 816
979 494
238 294
295 968
376 264
874 523
993 399
60 34
614 633
904 648
245 490
1000 950
891 552
19 831
741 842
412 790
366 641
628 732
793 318
266 899
158 653
140 936
288 923
995 411
572 939
503 760
635 693
137 950
319 410
637 651
598 883
107 692
695 47
77 340
432 197
911 424
215 422
127 526
578 842
885 638
745 203
942 340
987 130
348 472
974 444
959 296
817 327
285 425
358 673
955 465
869 59
599 902
893 165
773 293
258 786
498 175
172 940
525 880
946 68
539 744
702 356
460 119
133 23
657 677
622 191
950 630
720 67
42 83
698 741
852 704
778 303
179 278
904 153
173 780
834 70
283 244
892 304
127 453
881 33
165 248
368 508
213 236
587 403
679 451
810 382
355 343
511 88
494 878
351 931
300 695
636 531
984 52
93 360
993 314
922 886
61 266
905 636
637 875
47 331
912 320
533 656
334 669
840 546
487 385
624 201
382 169
316 303
615 901
579 14
303 531
281 855
571 291
73 355
476 37
41 512
353 790
64 687
598 660
34 459
547 386
366 739
866 620
245 657
876 597
950 244
973 287
812 237
820 736
322 86
552 690
559 913
58 150
521 534
629 605
657 614
897 267
204 291
99 591
203 249
962 467
449 652
95 897
829 645
4 730
385 584
116 678
764 218
233 646
380 211
290 711
132 294
8 364
873 950
752 513
931 944
535 864
648 895
886 604
202 51
855 979
161 707
18 204
189 149
544 396
937 179
518 656
79 634
160 500
382 521
613 868
937 220
55 119
173 791
688 517
449 889
94 44
18 43
819 81
838 415
990 234
23 97
779 975
727 909
913 352
144 198
328 419
109 738
741 817
153 824
157 832
89 590
823 271
715 654
275 781
330 352
596 123
210 970
340 697
583 399
59 19
861 645
558 59
870 249
607 682
96 28
791 435
244 396
814 784
185 986
665 32
780 823
438 407
8 972
725 833
816 99
173 643
907 444
233 951
534 765
81 123
674 496
313 88
545 261
543 758
167 672
846 861
349 541
162 954
671 245
212 953
428 526
782 453
912 744
364 652
365 101
811 87
649 432
545 103
682 200
60 612
186 923
961 279
229 583
820 94
768 433
701 493
316 845
706 69
190 882
711 212
277 854
539 367
915 610
339 645
503 398
879 413
165 1
203 338
979 469
378 980
1 653
74 461
184 517
494 867
545 540
359 476
623 847
644 832
459 522
265 853
729 344
323 423
239 747
865 168
3 233
391 374
799 373
175 431
982 789
681 366
629 32
303 955
724 212
600 346
984 697
292 270
954 500
22 417
853 323
279 562
27 541
763 791
323 866
641 281
179 710
20 834
426 153
385 91
358 633
79 289
409 845
860 58
606 562
555 716
87 133
116 218
797 519
944 69
431 889
305 445
72 384
639 285
918 305
409 623
637 441
803 283
452 331
881 623
389 422
10 45
621 613
693 360
479 803
138 841
413 465
843 516
327 367
661 379
481 859
65 900
427 285
47 540
657 696
398 430
64 81
948 120
27 850
643 650
126 494
113 1
956 579
848 188
920 729
246 359
728 482
269 276
558 822
489 774
700 600
938 965
763 56
372 759
217 140
1 975
143 700
113 355
611 508
667 318
668 109
230 954
527 218
725 221
70 994
307 300
680 818
18 841
663 155
407 985
874 520
361 603
966 40
991 655
947 365
948 722
164 65
420 427
837 166
358 230
14 967
589 773
805 984
455 247
348 917
742 365
635 836
317 589
829 550
258 316
847 226
461 867
79 148
119 843
409 952
874 204
146 829
127 696
771 998
556 368
979 779
31 422
470 898
141 674
898 511
314 246
509 293
10 239
250 964
548 355
772 831
722 170
708 105
979 732
484 24
858 269
142 706
381 496
133 901
688 324
561 970
622 205
552 787
713 812
223 258
958 243
940 426
302 887
564 255
238 837
460 199
501 454
520 344
507 164
204 252
132 97
956 368
344 455
986 826
92 893
381 820
535 573
592 157
333 945
815 285
633 560
830 890
122 55
36 763
2 439
256 939
160 71
481 412
136 721
738 124
994 210
853 285
766 598
606 63
473 673
830 551
952 689
883 583
991 624
960 204
309 751
82 717
842 224
311 103
296 708
443 151
851 18
470 580
286 291
367 409
823 200
951 55
963 411
222 721
615 106
266 823
249 597
951 164
390 412
807 721
12 486
141 710
556 235
408 75
962 526
395 327
380 927
716 993
608 250
448 968
651 918
300 312
266 504
949 165
571 779
191 38
868 516
747 894
217 671
533 279
937 758
902 180
171 186
389 15
907 718
656 974
161 480
307 83
384 641
313 285
280 466
746 184
51 401
837 786
935 133
424 765
472 233
659 63
130 947
717 973
666 865
777 392
463 565
111 293
47 810
978 996
530 176
307 217
680 605
488 173
204 887
498 660
173 640
874 799
213 143
57 803
627 913
494 664
903 818
355 370
781 338
88 87
342 604
515 826
843 153
330 60
829 70
245 143
373 122
501 116
615 801
865 274
443 868
226 364
857 694
990 378
232 768
106 889
326 866
420 483
478 569
102 197
412 863
291 956
383 740
221 201
723 123
174 321
555 850
132 929
63 587
745 352
283 859
656 479
175 857
665 39
137 606
229 416
285 334
488 870
271 655
578 947
7 129
444 829
730 758
413 170
45 479
284 697
746 380
968 782
694 938
988 721
772 902
96 582
462 568
263 569
488 403
111 275
973 148
646 250
647 343
341 794
214 24
313 125
769 717
790 977
474 892
579 178
411 836
194 76
324 991
952 96
990 760
930 219
216 347
839 269
566 591
414 952
402 144
259 297
170 251
584 954
913 292
226 959
781 891
526 152
684 948
389 584
658 131
550 445
679 539
256 915
558 920
814 262
562 359
377 27
196 569
748 126
487 234
961 621
383 469
317 935
453 39
537 963
31 798
913 753
289 178
667 782
101 582
353 425
125 320
269 742
93 994
757 395
922 240
762 499
582 302
125 305
453 490
20 835
115 199
760 16
837 372
253 109
971 910
758 670
124 213
648 804
747 395
620 667
162 31
626 600
57 307
185 870
681 809
543 439
931 465
361 314
629 532
479 925
225 726
889 703
213 725
108 655
143 440
711 631
358 997
699 571
260 293
635 953
247 439
53 234
91 939
809 516
684 730
920 683
53 283
311 769
938 51
5 408
601 795
322 268
749 115
200 880
274 427
167 436
213 214
158 817
610 842
429 606
622 733
701 210
548 963
353 332
467 639
724 309
793 628
813 521
952 551
207 191
486 962
754 862
559 443
746 734
283 628
358 136
912 4
889 343
809 412
885 169
131 606
547 272
219 995
382 109
572 933
849 616
275 577
962 777
376 198
214 698
842 431
975 300
881 808
92 177
486 409
879 402
774 218
632 213
134 69
10 127
674 454
842 784
954 950
848 349
247 373
873 190
447 151
414 868
128 413
111 218
77 918
688 325
483 323
29 83
932 880
419 799
1000 70
35 666
648 930
756 899
708 558
88 687
105 759
518 283
902 634
874 937
655 86
805 325
473 228
365 334
406 752
99 126
905 311
635 16
678 44
458 195
645 317
8 142
49 998
122 52
565 502
382 610
252 623
210 563
161 865
398 630
888 594
288 620
364 447
81 695
425 709
597 807
891 566
231 41
852 296
371 838
511 265
168 353
25 280
511 22
283 592
927 283
292 748
714 468
992 222
633 220
248 62
413 562
361 481
641 727
736 211
297 829
483 850
138 379
840 145
491 755
902 361
564 888
690 907
253 21
805 686
594 51
706 531
813 211
263 310
176 152
893 101
396 917
11 310
569 256
272 794
57 510
404 367
794 947
389 509
70 116
801 70
307 909
859 200
881 272
77 779
45 719
172 545
506 311
942 423
471 631
459 87
83 803
857 328
871 729
342 768
476 818
772 487
277 975
349 67
468 862
627 995
61 532
325 964
52 780
36 649
437 483
292 275
838 258
910 143
397 72
109 958
468 163
841 399
812 265
165 845
439 354
187 269
169 266
634 473
66 642
205 993
645 580
102 363
429 217
433 30
749 528
61 448
88 509
945 187
680 184
975 483
443 178
267 480
451 351
632 575
584 669
280 853
154 946
386 140
290 178
201 501
560 828
408 57
64 939
765 237
589 447
681 972
175 631
911 429
748 347
819 858
90 854
971 707
842 729
241 482
688 47
707 221
335 644
121 776
730 870
214 319
159 618
953 189
220 580
95 616
191 69
48 733
945 545
570 190
522 696
12 155
881 316
865 798
920 848
651 736
378 286
553 530
290 600
536 864
350 856
925 370
6 996
198 412
750 153
902 937
900 144
936 799
47 201
229 726
412 474
450 645
640 739
697 380
237 331
19 360
244 665
367 651
818 664
412 329
336 571
244 92
1 643
311 490
939 745
173 389
943 225
676 492
218 810
112 281
884 591
193 632
309 886
166 661
940 568
830 764
814 225
520 648
93 632
875 21
948 879
55 135
453 800
874 327
927 467
784 99
126 232
818 318
358 463
1 248
849 412
48 189
590 853
348 320
571 989
957 826
707 923
979 734
449 959
121 714
395 305
180 569
396 974
128 148
33 750
110 297
828 952
885 697
779 228
393 929
485 267
837 550
206 94
237 858
111 925
225 838
882 723
68 756
134 865
698 271
531 232
99 278
229 903
527 352
216 538
696 804
330 558
886 619
796 263
227 282
120 689
859 417
901 76
333 570
999 665
303 230
658 435
716 125
556 534
27 224
138 651
288 244
265 516
130 666
369 584
633 651
448 121
706 379
696 463
435 357
348 706
793 635
477 994
459 603
27 959
677 41
532 812
865 345
4 389
830 521
46 248
839 965
697 852
975 133
151 327
374 564
124 863
326 939
898 40
629 2
687 486
343 684
112 626
116 26
769 508
799 137
585 53
770 385
702 860
738 525
940 977
284 941
414 56
186 59
793 209
349 960
940 96
337 61
417 229
806 889
431 605
989 557
154 402
968 248
721 992
394 366
747 660
643 957
812 328
778 456
462 625
285 200
432 516
109 260
733 714
863 687
209 438
693 108
710 216
475 535
834 978
263 806
937 459
763 596
972 251
259 352
667 367
264 138
122 194
764 373
86 361
839 101
326 440
809 914
496 403
869 990
249 317
967 449
623 675
148 927
520 42
173 444
704 958
729 244
357 688
639 302
932 142
805 152
535 483
6 322
379 969
473 720
222 949
521 301
244 149
444 471
543 633
603 838
269 732
988 276
736 357
828 333
906 515
597 632
729 688
987 596
514 92
828 482
241 778
811 642
41 662
779 352
449 837
309 753
475 233
216 507
168 559
703 513
261 638
483 674
30 181
629 52
827 493
426 462
585 307
632 242
315 558
618 461
466 590
752 983
354 275
629 31
384 869
663 801
354 687
428 406
581 616
894 737
54 504
459 360
260 367
851 686
963 936
146 370
266 957
902 837
425 847
742 516
319 861
57 806
5 78
133 153
412 64
566 609
381 869
955 954
173 877
669 872
429 643
856 657
480 484
553 727
922 199
477 663
297 17
981 39
87 676
295 698
887 638
190 695
766 918
213 894
999 788
378 814
18 655
666 231
784 858
503 890
92 647
878 866
595 360
358 198
219 524
36 78
954 457
844 997
573 289
25 507
667 804
156 83
45 904
796 576
582 177
838 207
714 457
202 677
594 867
25 100
714 344
842 405
362 830
22 267
263 119
286 172
803 2
306 726
989 311
805 752
884 95
206 71
337 244
120 260
584 179
250 907
2 622
793 137
745 128
998 370
128 56
936 671
664 801
851 620
338 689
194 825
447 89
396 777
612 327
519 245
775 271
462 574
321 442
566 176
824 335
308 160
916 423
665 609
354 546
669 185
617 376
358 846
588 303
535 784
798 854
494 489
428 815
692 108
913 393
507 878
368 424
715 8
890 293
691 409
928 74
74 400
235 664
696 214
865 737
458 137
386 698
192 885
804 580
754 455
627 879
406 296
90 868
739 502
87 942
736 592
700 507
61 335
210 651
27 835
801 888
323 29
98 308
260 731
13 317
624 276
3 379
318 844
524 911
387 447
658 581
418 830
908 445
987 412
628 410
979 880
449 781
600 635
908 268
732 72
401 930
861 364
631 773
607 792
123 639
396 975
572 592
963 77
176 161
747 538
251 408
354 740
959 385
449 728
697 689
807 205
77 972
385 516
760 718
48 762
786 584
898 858
405 698
851 870
907 520
38 884
609 808
869 374
997 385
691 618
146 746
195 667
109 65
492 335
221 903
902 924
942 921
1000 266
692 64
773 287
809 804
994 376
960 648
798 620
753 967
91 760
130 744
911 644
274 331
593 943
589 950
635 340
435 575
662 741
476 392
494 961
297 267
199 660
19 722
447 981
453 249
628 681
245 359
728 895
620 821
641 600
823 368
789 448
42 442
568 855
326 571
827 226
828 281
941 22
112 706
379 616
34 133
295 366
647 213
280 61
615 289
963 256
489 393
845 220
924 749
11 268
821 275
146 621
882 291
665 319
820 989
553 830
825 961
219 478
826 362
761 963
816 780
67 130
786 940
588 480
381 638
219 335
493 100
630 687
171 224
427 378
32 362
693 107
34 696
716 444
990 551
792 340
207 827
523 484
797 221
998 838
674 904
895 750
382 110
436 363
973 444
378 198
216 277
252 723
492 194
863 477
957 136
479 452
963 674
69 600
360 596
553 267
810 378
640 981
311 444
57 709
757 924
839 673
191 822
505 27
782 879
17 215
143 947
942 369
211 233
274 593
528 756
867 466
300 977
413 750
586 54
291 238
629 116
923 501
652 141
896 615
165 538
25 399
121 310
399 638
124 979
585 71
733 71
131 535
944 290
85 1000
429 294
837 441
215 373
641 326
492 926
435 941
537 405
189 922
686 310
727 414
784 330
788 258
71 902
465 99
932 545
402 596
609 660
556 117
849 133
557 204
91 70
173 74
356 98
603 35
726 361
60 894
824 291
660 905
425 312
134 464
105 576
983 293
569 81
972 58
167 280
170 12
479 26
924 181
705 86
660 751
455 29
799 968
412 496
36 548
787 228
401 97
439 981
619 597
883 1000
773 874
334 944
420 874
118 27
653 772
36 794
307 494
904 870
505 55
801 738
309 414
74 36
899 45
666 288
689 679
865 424
463 106
513 20
254 293
132 633
942 974
14 531
515 106
558 204
123 831
35 177
219 956
636 211
847 54
915 975
395 41
824 933
452 46
719 1000
461 808
153 463
854 833
519 799
988 31
516 870
784 954
723 346
509 941
132 706
205 436
388 596
150 543
858 430
212 785
37 935
908 790
121 782
855 79
413 88
252 224
234 535
987 127
642 558
186 722
889 403
274 521
855 60
125 991
255 784
219 262
156 406
789 670
792 238
405 677
51 577
881 306
403 444
811 75
388 168
317 286
180 10
750 314
717 797
264 101
329 577
971 158
155 461
618 885
360 541
326 374
583 922
848 897
562 659
299 827
283 478
800 228
911 720
326 16
541 595
396 166
805 206
645 533
57 149
870 556
616 667
447 885
681 449
330 305
832 83
308 120
171 851
535 155
296 752
486 7
707 463
568 972
646 639
336 604
763 811
33 604
345 802
325 284
606 679
348 211
497 687
205 374
82 3
615 175
49 202
659 881
454 412
663 455
258 630
172 16
360 368
983 824
660 269
609 355
820 211
703 681
320 910
337 96
589 306
220 699
719 659
29 987
581 670
891 423
674 131
866 584
273 538
950 764
313 407
152 681
579 2
474 598
66 499
217 837
548 783
323 701
114 455
57 844
462 821
362 93
660 816
854 122
143 594
930 586
734 732
420 908
35 815
416 827
75 222
577 176
562 548
635 486
305 597
531 291
96 314
938 739
745 967
238 987
602 660
396 251
531 400
808 267
316 34
925 920
196 536
95 454
978 726
960 117
784 931
731 17
770 202
810 731
577 764
979 64
672 552
819 683
326 937
221 157
974 965
847 121
127 727
21 166
944 263
928 924
818 288
713 206
271 546
333 947
528 213
430 597
659 653
73 760
976 519
958 699
637 488
55 681
846 76
384 144
815 903
998 315
181 243
953 138
954 949
132 553
320 793
228 178
925 244
768 49
350 613
422 342
578 664
445 943
907 678
859 225
933 682
935 12
574 852
665 600
297 66
327 476
578 442
899 628
496 183
528 794
578 92
743 698
506 200
730 259
970 274
312 664
614 941
1 838
579 570
526 87
32 791
252 946
400 331
292 329
848 585
725 253
876 127
624 992
959 666
630 10
667 60
529 51
278 238
473 677
420 100
952 693
406 162
232 695
396 332
749 954
236 531
755 517
257 178
478 720
942 195
784 173
408 177
392 790
211 292
486 350
569 954
306 560
381 108
788 668
382 287
760 75
690 650
237 621
920 187
176 155
712 61
879 435
113 560
239 80
150 739
275 322
161 154
91 89
955 496
941 573
911 357
454 656
38 906
522 4
318 419
156 266
233 649
548 752
933 590
121 11
764 70
342 148
425 765
712 268
835 501
162 991
530 285
414 752
420 629
425 217
27 317
18 88
293 82
277 829
494 557
38 960
100 940
503 417
473 886
679 482
238 566
958 303
528 383
155 14
69 460
297 525
866 86
316 123
9 581
197 296
70 46
37 191
420 9
576 175
625 438
171 786
79 901
631 632
814 200
638 396
987 745
630 676
421 562
426 876
387 766
763 657
196 374
822 710
589 713
93 922
872 835
444 612
227 844
266 836
712 748
533 770
277 68
500 819
980 517
411 482
737 966
289 670
881 868
589 555
519 320
633 479
358 783
774 674
20 905
635 706
10 163
564 718
780 899
267 848
297 580
111 57
756 258
113 72
747 705
362 609
627 23
441 918
1000 507
977 68
411 570
428 628
270 371
678 604
579 41
907 750
52 175
130 881
839 756
379 137
184 206
185 379
21 997
282 720
706 47
377 739
34 592
496 255
539 501
796 476
84 478
126 881
363 353
880 341
695 922
499 801
43 531
269 205
967 506
697 754
937 35
867 190
886 206
580 941
887 291
691 460
882 609
95 348
799 594
50 79
514 478
734 61
594 656
95 493
670 493
782 727
969 460
644 732
224 277
757 117
631 604
282 445
432 354
766 765
306 263
235 375
142 10
917 741
59 197
687 463
128 826
177 50
654 572
257 250
323 873
646 527
663 679
225 415
193 953
497 575
371 994
153 347
797 514
525 531
68 66
971 787
661 51
720 529
941 355
324 379
740 318
950 467
94 849
333 499
778 64
470 46
405 599
854 302
836 365
498 788
103 943
271 163
679 102
755 452
523 506
411 804
527 402
730 10
810 98
441 765
5 388
687 728
754 263
786 231
481 681
13 778
490 969
715 176
401 40
365 503
94 207
97 633
776 12
602 738
972 432
277 742
648 454
726 643
161 857
274 728
773 562
61 224
266 728
766 575
732 635
58 341
39 809
904 654
444 351
447 872
999 175
388 538
908 125
50 853
386 371
206 368
414 285
456 19
366 634
148 425
811 667
224 31
442 74
499 407
617 728
428 105
796 798
486 179
681 623
42 999
751 498
148 143
857 792
206 957
244 368
258 84
289 823
327 923
293 775
220 745
798 208
252 186
162 174
347 150
609 767
484 5
547 801
149 612
843 598
418 375
460 30
907 729
855 231
17 623
750 395
219 321
147 28
76 206
795 664
25 696
264 960
817 692
929 978
858 40
882 914
955 802
800 456
734 558
570 599
311 875
863 630
995 222
43 701
216 279
821 838
952 139
458 380
763 219
506 96
877 175
473 793
327 146
810 376
919 334
27 126
122 48
714 796
472 479
537 829
592 432
847 536
618 739
710 190
450 17
738 121
187 741
114 831
158 326
502 446
303 827
109 760
737 823
990 131
109 649
97 65
874 267
641 698
749 953
898 11
827 147
242 207
353 808
379 808
894 217
16 824
14 855
37 734
428 77
980 482
785 264
492 920
642 183
167 752
868 579
867 912
962 664
449 971
859 768
153 811
149 214
280 27
29 864
858 456
137 108
514 163
295 157
547 778
397 845
324 691
332 870
115 334
423 57
147 928
894 154
661 333
423 142
324 87
255 626
105 437
927 526
271 106
153 73
369 120
186 542
171 206
982 10
693 77
750 22
191 400
454 962
293 448
991 249
739 144
858 560
283 214
997 746
145 201
53 448
369 142
520 491
902 757
744 841
675 841
857 110
566 646
571 808
18 1000
701 165
65 387
639 489
990 93
256 908
919 195
888 515
245 138
616 530
733 185
361 901
88 203
306 62
714 131
770 913
37 190
576 160
994 243
905 642
235 253
753 632
719 295
391 264
339 43
896 726
932 60
19 893
315 18
796 579
71 689
336 626
82 138
101 446
227 847
391 46
853 911
586 778
237 362
422 832
349 672
136 456
410 548
234 224
396 599
597 677
955 192
918 820
571 985
708 392
360 278
624 452
807 452
777 283
336 303
48 499
324 447
915 927
402 694
51 677
803 754
141 967
493 264
924 582
502 638
30 449
927 605
384 755
351 271
977 212
392 222
703 637
467 755
765 670
218 323
185 835
66 280
111 508
4 986
669 984
599 283
692 111
930 548
56 393
368 427
575 274
613 683
818 517
503 279
360 543
161 594
201 541
218 613
825 443
95 185
98 143
540 986
155 124
838 723
126 705
273 9
707 329
330 970
603 39
991 499
683 962
781 369
571 677
383 67
793 611
938 724
356 676
107 133
295 946
919 84
246 875
835 957
654 483
13 425
25 299
745 660
376 465
908 90
435 600
590 524
183 974
774 695
944 654
690 414
417 514
914 726
755 764
519 641
618 307
444 521
751 214
757 263
941 64
727 467
915 733
715 799
901 978
594 100
138 252
564 828
413 792
285 123
185 873
58 217
77 139
115 488
613 297
171 330
673 908
105 194
802 232
200 298
55 756
24 88
281 559
800 521
907 303
107 781
699 961
463 535
377 819
160 775
307 600
159 731
20 371
522 989
264 805
829 212
398 525
717 115
557 581
72 600
859 421
973 405
540 792
152 585
355 66
740 212
623 437
238 909
666 930
316 879
142 215
933 200
660 528
391 308
242 110
260 870
728 262
378 899
584 810
861 630
164 282
572 399
899 841
39 970
374 511
175 250
602 658
165 944
973 985
926 829
377 58
503 654
343 981
274 616
690 160
339 114
604 143
921 332
540 482
942 58
546 867
819 685
838 251
2 17
315 848
153 107
707 716
126 8
418 833
400 700
426 692
456 432
927 64
785 559
571 250
97 375
25 210
771 212
619 278
694 228
381 55
474 331
81 155
671 220
860 716
884 257
885 744
779 183
391 677
450 355
751 211
459 173
891 468
798 96
289 16
298 974
815 568
160 803
677 706
332 33
445 798
309 530
47 574
449 475
547 256
113 86
385 775
62 25
618 937
270 74
166 43
942 952
857 224
621 391
660 715
130 600
636 836
198 363
958 305
264 285
139 667
624 915
400 333
553 409
402 503
994 125
444 30
541 616
49 618
3 9
258 38
80 884
176 627
219 781
782 797
16 396
658 855
273 499
576 244
903 635
908 147
834 191
287 214
223 973
550 728
899 464
295 715
611 986
116 420
334 279
720 926
239 414
940 659
563 652
659 973
509 164
770 462
591 90
812 251
121 420
219 883
736 71
838 688
383 556
595 140
63 930
86 513
451 132
16 999
845 876
332 897
958 597
859 944
396 914
510 560
58 145
332 784
929 687
542 167
673 948
842 985
566 57
436 790
219 398
111 148
719 597
636 870
873 157
341 927
17 953
916 399
539 860
260 363
243 437
910 235
321 323
86 973
568 510
984 452
971 393
807 103
868 23
397 703
255 607
130 794
424 739
385 867
958 96
541 8
172 685
502 940
393 296
198 437
414 758
436 330
368 384
61 867
389 956
619 117
912 743
254 912
625 104
305 514
771 656
217 206
223 739
899 880
60 131
886 19
944 822
579 681
250 241
148 2
300 338
843 364
888 627
204 556
780 283
671 139
1000 769
675 567
503 886
822 954
512 840
235 141
241 968
292 220
421 560
244 245
390 705
641 645
219 945
864 458
814 936
513 451
279 660
729 769
785 759
290 207
594 129
851 274
287 782
617 945
91 54
24 125
134 196
83 306
271 939
812 381
134 145
835 36
507 407
200 493
328 546
826 289
994 927
483 158
350 946
189 464
138 852
264 921
906 296
378 283
252 304
773 24
942 897
700 419
565 230
942 447
643 548
421 190
26 558
647 896
743 879
246 397
981 86
854 204
730 342
994 451
523 783
70 878
238 720
477 872
248 592
598 304
377 428
306 80
453 952
790 390
921 597
583 181
201 975
771 55
539 51
353 4
143 47
559 60
727 942
999 133
191 984
505 321
490 407
933 279
679 887
495 602
153 797
712 384
102 264
547 493
912 30
720 983
383 305
96 640
314 573
11 856
49 493
859 572
384 374
166 872
392 833
317 756
581 71
173 238
572 782
210 203
543 159
11 6
818 394
196 10
694 281
244 243
1 108
37 870
647 237
7 82
926 444
712 1000
395 308
959 316
428 308
327 582
424 895
765 645
427 116
601 673
671 281
638 836
52 80
219 502
848 262
24 200
243 508
163 79
893 266
96 746
194 59
185 292
919 721
612 69
375 489
503 212
416 80
644 344
661 614
522 828
545 245
584 589
381 809
934 1
738 386
523 730
731 543
643 401
937 140
353 469
905 366
374 77
819 240
70 842
19 504
596 262
588 17
1 738
576 890
518 893
922 794
460 749
546 926
106 921
89 749
375 706
425 723
870 975
410 89
339 117
835 920
144 5
880 639
830 669
652 229
49 440
214 978
231 912
452 835
68 371
128 952
914 827
607 602
828 277
261 756
408 344
462 15
615 127
154 994
645 970
723 724
446 168
878 318
177 318
271 604
440 728
228 863
923 809
46 552
805 583
488 164
489 397
999 515
149 289
817 383
623 548
271 882
353 414
47 731
105 334
697 146
938 364
828 614
891 324
416 158
473 419
626 171
915 378
627 382
21 569
964 300
263 652
431 350
967 888
120 307
934 323
243 758
846 702
798 573
810 215
443 514
977 590
887 455
84 272
632 169
583 974
711 149
715 94
809 917
424 437
597 642
66 918
861 601
718 962
743 405
212 35
909 451
896 942
605 596
911 533
760 771
240 796
386 896
510 525
641 926
509 464
239 699
738 230
667 174
154 23
616 726
875 67
286 883
537 718
404 979
386 162
595 448
443 63
269 727
382 32
438 246
610 287
349 297
373 419
383 423
81 996
387 933
906 671
945 115
874 43
197 774
642 181
969 143
98 845
707 969
637 280
674 258
140 682
270 713
577 793
462 261
105 8
767 538
988 853
118 305
556 113
264 561
606 102
160 610
323 238
622 406
141 929
114 217
684 205
265 169
945 575
582 820
470 242
643 924
863 633
578 763
85 409
51 617
78 421
808 876
196 609
518 479
320 518
195 710
837 795
57 809
593 303
887 133
778 715
833 583
972 133
956 514
811 257
123 425
105 870
204 430
477 658
298 487
562 536
677 313
572 449
407 56
890 236
88 94
364 251
795 83
800 331
334 598
705 322
762 149
211 137
1000 770
931 640
90 5
23 238
16 120
605 346
935 841
314 885
528 483
698 991
383 749
205 765
538 951
97 333
410 546
535 156
949 639
383 963
8 869
617 807
465 50
690 685
324 499
672 478
935 653
186 508
722 218
975 700
449 582
945 889
507 328
90 848
54 191
556 85
242 318
745 20
339 109
113 674
976 224
295 16
688 180
881 677
807 181
864 597
846 933
405 673
725 540
795 747
213 360
850 260
329 875
290 739
717 136
351 414
479 213
688 402
228 427
284 453
782 380
576 680
199 218
200 716
330 647
419 938
425 169
608 57
218 496
593 676
99 47
528 869
764 331
625 11
921 826
817 78
672 68
565 391
383 252
131 249
776 226
429 900
1000 576
623 742
832 137
406 412
192 104
487 227
515 940
352 366
739 330
637 811
486 985
72 637
182 486
643 112
793 71
296 869
734 690
712 557
909 237
396 384
568 977
237 394
534 250
257 846
500 349
323 733
487 342
823 152
59 55
261 671
255 688
432 67
965 167
254 182
440 590
846 346
500 786
504 349
560 222
478 969
418 140
292 693
665 437
168 891
812 60
280 85
284 613
546 368
929 376
215 31
54 155
310 817
683 297
846 231
816 918
472 620
716 695
733 591
521 423
924 932
137 430
327 359
698 265
226 534
940 446
137 63
449 509
234 809
933 515
683 100
186 980
338 975
262 609
692 478
87 404
18 253
223 52
227 49
551 442
847 995
901 199
407 130
134 702
800 38
269 157
587 494
951 833
255 372
496 469
94 178
925 626
965 549
397 57
496 508
26 293
154 286
47 457
819 96
801 573
236 502
202 34
990 27
545 560
197 493
897 559
330 206
52 908
338 309
619 204
782 694
913 50
643 108
438 888
224 308
922 61
182 729
581 280
344 589
953 865
148 453
701 687
405 466
793 612
752 59
850 186
86 475
750 995
508 474
533 839
917 472
884 109
109 68
82 483
724 982
379 623
841 790
695 87
898 503
522 443
336 346
323 100
42 516
461 206
19 669
375 904
176 322
547 941
802 10
755 22
247 370
